epoch,acc,auc,binary_accuracy,binary_crossentropy,fn,fp,loss,precision,recall,tn,tp,val_acc,val_auc,val_binary_accuracy,val_binary_crossentropy,val_fn,val_fp,val_loss,val_precision,val_recall,val_tn,val_tp
0,0.011833282187581062,0.9787745475769043,0.9225172400474548,0.18826280534267426,26245.0,26354.0,0.29478251934051514,0.9223816394805908,0.9226778149604797,313070.0,313179.0,0.0,0.9950482249259949,0.9596062302589417,0.09307724237442017,5876.0,5876.0,0.17508505284786224,0.9596062302589417,0.9596062302589417,139592.0,139592.0
1,0.011497419327497482,0.9831664562225342,0.9335227012634277,0.16658155620098114,22564.0,22564.0,0.25125035643577576,0.9335227012634277,0.9335227012634277,316860.0,316860.0,0.0,0.99470454454422,0.9620260000228882,0.09003985673189163,5524.0,5524.0,0.1871677041053772,0.9620260000228882,0.9620260000228882,139944.0,139944.0
2,0.014900242909789085,0.9842244982719421,0.9353433847427368,0.1609778106212616,21946.0,21946.0,0.24304227530956268,0.9353433847427368,0.9353433847427368,317478.0,317478.0,0.0,0.993995726108551,0.959929347038269,0.1047678217291832,5829.0,5829.0,0.15645727515220642,0.959929347038269,0.959929347038269,139639.0,139639.0
3,0.013991350308060646,0.9849771857261658,0.9365395307540894,0.1566159874200821,21540.0,21540.0,0.23580996692180634,0.9365395307540894,0.9365395307540894,317884.0,317884.0,0.0,0.9942933320999146,0.9690034985542297,0.09784162789583206,4509.0,4509.0,0.1726813018321991,0.9690034985542297,0.9690034985542297,140959.0,140959.0
4,0.013755656778812408,0.9854735136032104,0.9384162425994873,0.15409822762012482,20903.0,20903.0,0.23096151649951935,0.9384162425994873,0.9384162425994873,318521.0,318521.0,0.0,0.9953916668891907,0.9597093462944031,0.08559466153383255,5861.0,5861.0,0.17918241024017334,0.9597093462944031,0.9597093462944031,139607.0,139607.0
5,0.013795429840683937,0.9859400987625122,0.9389760494232178,0.15133704245090485,20713.0,20713.0,0.22918155789375305,0.9389760494232178,0.9389760494232178,318711.0,318711.0,0.0,0.9959375262260437,0.9690791368484497,0.10504081845283508,4498.0,4498.0,0.1960105150938034,0.9690791368484497,0.9690791368484497,140970.0,140970.0
6,0.016128795221447945,0.9858107566833496,0.9387757182121277,0.15229880809783936,20781.0,20781.0,0.23007306456565857,0.9387757182121277,0.9387757182121277,318643.0,318643.0,0.0,0.9956194758415222,0.9704127311706543,0.08834442496299744,4304.0,4304.0,0.15846727788448334,0.9704127311706543,0.9704127311706543,141164.0,141164.0
7,0.015954971313476562,0.9865248799324036,0.9407260417938232,0.14800044894218445,20119.0,20119.0,0.22114822268486023,0.9407260417938232,0.9407260417938232,319305.0,319305.0,0.17529284954071045,0.992525577545166,0.9705570936203003,0.09490847587585449,4283.0,4283.0,0.2371187061071396,0.9705570936203003,0.9705570936203003,141185.0,141185.0
8,0.011870109476149082,0.9865974187850952,0.9412121772766113,0.1478002816438675,19954.0,19954.0,0.2208080291748047,0.9412121772766113,0.9412121772766113,319470.0,319470.0,0.0,0.9954969882965088,0.9722550511360168,0.08231210708618164,4036.0,4036.0,0.18821176886558533,0.9722550511360168,0.9722550511360168,141432.0,141432.0
9,0.015351006761193275,0.9866107106208801,0.9410118460655212,0.1473279744386673,20022.0,20022.0,0.22267815470695496,0.9410118460655212,0.9410118460655212,319402.0,319402.0,0.0,0.9944321513175964,0.9691822528839111,0.09152575582265854,4483.0,4483.0,0.15648403763771057,0.9691822528839111,0.9691822528839111,140985.0,140985.0
10,0.01682998239994049,0.9868642091751099,0.9411208629608154,0.14611607789993286,19985.0,19985.0,0.22075116634368896,0.9411208629608154,0.9411208629608154,319439.0,319439.0,0.0,0.995063841342926,0.9670923948287964,0.08908212184906006,4787.0,4787.0,0.15941987931728363,0.9670923948287964,0.9670923948287964,140681.0,140681.0
11,0.019855696707963943,0.9866540431976318,0.9401603937149048,0.14783310890197754,20311.0,20311.0,0.22320348024368286,0.9401603937149048,0.9401603937149048,319113.0,319113.0,0.0,0.9958083629608154,0.9633321166038513,0.08380332589149475,5334.0,5334.0,0.1434534192085266,0.9633321166038513,0.9633321166038513,140134.0,140134.0
12,0.016785789281129837,0.9868845343589783,0.940873384475708,0.14584019780158997,20069.0,20069.0,0.22137735784053802,0.940873384475708,0.940873384475708,319355.0,319355.0,0.0,0.9946014285087585,0.9510064125061035,0.09406033903360367,7127.0,7127.0,0.15246862173080444,0.9510064125061035,0.9510064125061035,138341.0,138341.0
13,0.012624328024685383,0.9869592189788818,0.9413889646530151,0.1451396346092224,19894.0,19894.0,0.2184637188911438,0.9413889646530151,0.9413889646530151,319530.0,319530.0,0.0,0.9958860874176025,0.968804121017456,0.0915929526090622,4538.0,4538.0,0.1737392097711563,0.968804121017456,0.968804121017456,140930.0,140930.0
14,0.018808333203196526,0.9871382713317871,0.9417808055877686,0.14429950714111328,19761.0,19761.0,0.22024743258953094,0.9417808055877686,0.9417808055877686,319663.0,319663.0,0.0,0.9954162240028381,0.970172107219696,0.08190575242042542,4339.0,4339.0,0.19566309452056885,0.970172107219696,0.970172107219696,141129.0,141129.0
15,0.015000412240624428,0.9870113730430603,0.9419103860855103,0.14518509805202484,19717.0,19717.0,0.22061467170715332,0.9419103860855103,0.9419103860855103,319707.0,319707.0,0.0,0.996269166469574,0.9740080237388611,0.08028166741132736,3781.0,3781.0,0.1514149010181427,0.9740080237388611,0.9740080237388611,141687.0,141687.0
16,0.015629420056939125,0.987280547618866,0.9428708553314209,0.14314396679401398,19391.0,19391.0,0.2172994464635849,0.9428708553314209,0.9428708553314209,320033.0,320033.0,0.0,0.9930158257484436,0.9428465366363525,0.10979751497507095,8314.0,8314.0,0.18161380290985107,0.9428465366363525,0.9428465366363525,137154.0,137154.0
17,0.017538536339998245,0.9873567223548889,0.9428561329841614,0.1433151215314865,19396.0,19396.0,0.2201492041349411,0.9428561329841614,0.9428561329841614,320028.0,320028.0,0.0,0.995682418346405,0.966934323310852,0.08144311606884003,4810.0,4810.0,0.15016692876815796,0.966934323310852,0.966934323310852,140658.0,140658.0
18,0.020609915256500244,0.98736572265625,0.9428914785385132,0.14304207265377045,19384.0,19384.0,0.2224743515253067,0.9428914785385132,0.9428914785385132,320040.0,320040.0,0.0,0.9932184815406799,0.9449431896209717,0.11225196719169617,8009.0,8009.0,0.17255079746246338,0.9449431896209717,0.9449431896209717,137459.0,137459.0
19,0.018023179844021797,0.9875233769416809,0.9429474472999573,0.14221280813217163,19365.0,19365.0,0.21734166145324707,0.9429474472999573,0.9429474472999573,320059.0,320059.0,0.0,0.9938819408416748,0.9470536708831787,0.09777386486530304,7702.0,7702.0,0.16285823285579681,0.9470536708831787,0.9470536708831787,137766.0,137766.0
20,0.01739564724266529,0.9876543879508972,0.9431654810905457,0.14156854152679443,19291.0,19291.0,0.21587876975536346,0.9431654810905457,0.9431654810905457,320133.0,320133.0,0.0,0.9958096742630005,0.9687147736549377,0.08418940752744675,4551.0,4551.0,0.1736786812543869,0.9687147736549377,0.9687147736549377,140917.0,140917.0
21,0.01887756958603859,0.9876766800880432,0.9430152177810669,0.1413435935974121,19342.0,19342.0,0.21680262684822083,0.9430152177810669,0.9430152177810669,320082.0,320082.0,0.0,0.9938638210296631,0.9468886852264404,0.09760928899049759,7726.0,7726.0,0.16260012984275818,0.9468886852264404,0.9468886852264404,137742.0,137742.0
22,0.02190917544066906,0.987711489200592,0.9432862997055054,0.14101135730743408,19250.0,19250.0,0.2142253816127777,0.9432862997055054,0.9432862997055054,320174.0,320174.0,0.0,0.9959916472434998,0.9688316583633423,0.0784546509385109,4534.0,4534.0,0.14386194944381714,0.9688316583633423,0.9688316583633423,140934.0,140934.0
23,0.021862037479877472,0.9875359535217285,0.9434394836425781,0.1421186476945877,19198.0,19198.0,0.21684078872203827,0.9434394836425781,0.9434394836425781,320226.0,320226.0,0.23629939556121826,0.9951903223991394,0.9675392508506775,0.08749187737703323,4722.0,4722.0,0.22652064263820648,0.9675392508506775,0.9675392508506775,140746.0,140746.0
24,0.021263964474201202,0.9878823161125183,0.943960964679718,0.14013344049453735,19021.0,19021.0,0.21589569747447968,0.943960964679718,0.943960964679718,320403.0,320403.0,0.0,0.9962558150291443,0.9706946015357971,0.07697738707065582,4263.0,4263.0,0.22029435634613037,0.9706946015357971,0.9706946015357971,141205.0,141205.0
25,0.019279720261693,0.987230122089386,0.9423434734344482,0.1440301239490509,19570.0,19570.0,0.22125914692878723,0.9423434734344482,0.9423434734344482,319854.0,319854.0,0.0,0.9960726499557495,0.9700140357017517,0.07910600304603577,4362.0,4362.0,0.15212437510490417,0.9700140357017517,0.9700140357017517,141106.0,141106.0
26,0.02030351385474205,0.9877983927726746,0.9439226388931274,0.14066393673419952,19034.0,19034.0,0.21804319322109222,0.9439226388931274,0.9439226388931274,320390.0,320390.0,0.0,0.9956923127174377,0.9643701910972595,0.08747319877147675,5183.0,5183.0,0.1564377397298813,0.9643701910972595,0.9643701910972595,140285.0,140285.0
27,0.01605808734893799,0.9878342747688293,0.9448860287666321,0.14008007943630219,18707.0,18707.0,0.2140241116285324,0.9448860287666321,0.9448860287666321,320717.0,320717.0,0.0,0.9944864511489868,0.9675323963165283,0.09531448781490326,4723.0,4723.0,0.2004076987504959,0.9675323963165283,0.9675323963165283,140745.0,140745.0
28,0.020985551178455353,0.987734317779541,0.9445266127586365,0.1409267634153366,18829.0,18829.0,0.21603839099407196,0.9445266127586365,0.9445266127586365,320595.0,320595.0,0.0,0.9954910278320312,0.9732381105422974,0.08369976282119751,3893.0,3893.0,0.16536787152290344,0.9732381105422974,0.9732381105422974,141575.0,141575.0
29,0.01792743057012558,0.9884318709373474,0.9457787275314331,0.13663342595100403,18404.0,18404.0,0.2083713710308075,0.9457787275314331,0.9457787275314331,321020.0,321020.0,0.2181132584810257,0.9935937523841858,0.9716776013374329,0.09096236526966095,4120.0,4120.0,0.2352820634841919,0.9716776013374329,0.9716776013374329,141348.0,141348.0
30,0.02227008156478405,0.9881159067153931,0.9455606937408447,0.13867829740047455,18478.0,18478.0,0.2164086550474167,0.9455606937408447,0.9455606937408447,320946.0,320946.0,0.0,0.9954238533973694,0.9734511971473694,0.08371062576770782,3862.0,3862.0,0.14384253323078156,0.9734511971473694,0.9734511971473694,141606.0,141606.0
31,0.02126101776957512,0.9876391887664795,0.9441524744033813,0.1418900489807129,18956.0,18956.0,0.21736198663711548,0.9441524744033813,0.9441524744033813,320468.0,320468.0,0.0,0.9951587915420532,0.9567533731460571,0.09039033204317093,6291.0,6291.0,0.15842777490615845,0.9567533731460571,0.9567533731460571,139177.0,139177.0
32,0.018817173317074776,0.9880987405776978,0.9450127482414246,0.138584703207016,18664.0,18664.0,0.2115466594696045,0.9450127482414246,0.9450127482414246,320760.0,320760.0,0.0,0.99614018201828,0.969024121761322,0.07839471846818924,4506.0,4506.0,0.1544644832611084,0.969024121761322,0.969024121761322,140962.0,140962.0
33,0.020350653678178787,0.988070011138916,0.9449626207351685,0.13881686329841614,18681.0,18681.0,0.21416820585727692,0.9449626207351685,0.9449626207351685,320743.0,320743.0,0.0,0.9951016306877136,0.9686803817749023,0.09129692614078522,4556.0,4556.0,0.15764544904232025,0.9686803817749023,0.9686803817749023,140912.0,140912.0
34,0.021929798647761345,0.9880350232124329,0.9453927874565125,0.13906849920749664,18535.0,18535.0,0.21480850875377655,0.9453927874565125,0.9453927874565125,320889.0,320889.0,0.0,0.9955817461013794,0.9723513126373291,0.07921682298183441,4022.0,4022.0,0.148257315158844,0.9723513126373291,0.9723513126373291,141446.0,141446.0
35,0.022890249267220497,0.9880501627922058,0.9450628161430359,0.13943442702293396,18647.0,18647.0,0.21493718028068542,0.9450628161430359,0.9450628161430359,320777.0,320777.0,0.0,0.9947786331176758,0.946785569190979,0.10471487790346146,7741.0,7741.0,0.1546323299407959,0.946785569190979,0.946785569190979,137727.0,137727.0
36,0.02022249437868595,0.9881336092948914,0.9457728266716003,0.13854093849658966,18406.0,18406.0,0.21336449682712555,0.9457728266716003,0.9457728266716003,321018.0,321018.0,0.0,0.995500385761261,0.9737880229949951,0.08156762272119522,3813.0,3813.0,0.156368225812912,0.9737880229949951,0.9737880229949951,141655.0,141655.0
37,0.019799718633294106,0.987981915473938,0.9453986883163452,0.13943247497081757,18533.0,18533.0,0.21392758190631866,0.9453986883163452,0.9453986883163452,320891.0,320891.0,0.0,0.9960287809371948,0.9645970463752747,0.09381271153688431,5150.0,5150.0,0.15378651022911072,0.9645970463752747,0.9645970463752747,140318.0,140318.0
38,0.017962783575057983,0.9881882667541504,0.9464151263237,0.13770943880081177,18188.0,18188.0,0.2109965682029724,0.9464151263237,0.9464151263237,321236.0,321236.0,0.0,0.9962350726127625,0.9698421359062195,0.09332882612943649,4387.0,4387.0,0.1442384272813797,0.9698421359062195,0.9698421359062195,141081.0,141081.0
39,0.021010594442486763,0.988025963306427,0.9458111524581909,0.13920573890209198,18393.0,18393.0,0.2130620777606964,0.9458111524581909,0.9458111524581909,321031.0,321031.0,0.0,0.9958930015563965,0.9718976020812988,0.07648450881242752,4088.0,4088.0,0.17176301777362823,0.9718976020812988,0.9718976020812988,141380.0,141380.0
