epoch,acc,auc,binary_accuracy,binary_crossentropy,fn,fp,loss,precision,recall,tn,tp,val_acc,val_auc,val_binary_accuracy,val_binary_crossentropy,val_fn,val_fp,val_loss,val_precision,val_recall,val_tn,val_tp
0,1.4730838302057236e-05,0.8585090041160583,0.7840532660484314,0.48103511333465576,73154.0,73441.0,0.8108617663383484,0.7838132977485657,0.7844760417938232,265983.0,266270.0,0.0,0.9857383966445923,0.951339840888977,0.3127085268497467,7052.0,7105.0,0.566627562046051,0.9511754512786865,0.9515219926834106,138363.0,138416.0
1,7.365419151028618e-06,0.8676362633705139,0.7871555685997009,0.4697723984718323,72124.0,72365.0,0.7325833439826965,0.7869518399238586,0.7875106334686279,267059.0,267300.0,0.0,0.9769654273986816,0.9546326398849487,0.2520725429058075,6598.0,6601.0,0.5909175872802734,0.954623281955719,0.9546429514884949,138867.0,138870.0
2,1.4730837847309886e-06,0.8749812245368958,0.7940996885299683,0.45869478583335876,69906.0,69869.0,0.7238087058067322,0.7941317558288574,0.7940452098846436,269555.0,269518.0,0.0,0.9873765110969543,0.9592315554618835,0.24459975957870483,6014.0,5847.0,0.607694685459137,0.9597594141960144,0.9586575627326965,139621.0,139454.0
3,4.419251581566641e-06,0.8772462010383606,0.8022355437278748,0.45549067854881287,67200.0,67052.0,0.7271880507469177,0.8023673892021179,0.8020175099372864,272372.0,272224.0,0.0,0.9902274012565613,0.9579942226409912,0.2727338969707489,6316.0,5905.0,0.5978597402572632,0.9592918753623962,0.9565815329551697,139563.0,139152.0
4,5.892335138923954e-06,0.8750634789466858,0.8008891344070435,0.45851585268974304,67577.0,67589.0,0.7341727614402771,0.8008785247802734,0.8009068369865417,271835.0,271847.0,0.0,0.984805703163147,0.9571933150291443,0.3960888981819153,6336.0,6118.0,0.6099535226821899,0.9578795433044434,0.9564440250396729,139350.0,139132.0
5,2.946167569461977e-06,0.8741279244422913,0.7972727417945862,0.46017974615097046,68914.0,68707.0,0.7287952303886414,0.7974541187286377,0.7969678044319153,270717.0,270510.0,0.0,0.9762445092201233,0.9476345181465149,0.3734564185142517,4775.0,10460.0,0.6581201553344727,0.9307985901832581,0.9671748876571655,135008.0,140693.0
6,4.419251581566641e-06,0.8823148012161255,0.8031753897666931,0.4481726288795471,66887.0,66727.0,0.709377110004425,0.8033183813095093,0.8029397130012512,272697.0,272537.0,0.0,0.861123263835907,0.6335964202880859,0.4486413300037384,53300.0,53300.0,0.627669632434845,0.6335964202880859,0.6335964202880859,92168.0,92168.0
7,8.838503163133282e-06,0.8763071298599243,0.800280749797821,0.4569016993045807,67785.0,67794.0,0.7210779190063477,0.8002728223800659,0.800294041633606,271630.0,271639.0,0.0,0.9796749353408813,0.9638855457305908,0.3258844316005707,5524.0,4983.0,0.5355310440063477,0.9656171798706055,0.9620260000228882,140485.0,139944.0
8,1.0311586265743244e-05,0.8814681172370911,0.8025257587432861,0.4492737948894501,67039.0,67016.0,0.7135063409805298,0.8025462627410889,0.8024918437004089,272408.0,272385.0,0.0,0.930263340473175,0.8916531205177307,0.4096647799015045,15816.0,15706.0,0.6350502967834473,0.8919495344161987,0.8912750482559204,129762.0,129652.0
9,0.0,0.9172539710998535,0.8458653688430786,0.39585408568382263,52290.0,52344.0,0.5795029997825623,0.8458103537559509,0.845944881439209,287080.0,287134.0,0.0,0.990157961845398,0.963531494140625,0.28077974915504456,5305.0,5305.0,0.47814762592315674,0.963531494140625,0.963531494140625,140163.0,140163.0
10,0.0,0.9250357151031494,0.8525221943855286,0.3917837142944336,50058.0,50057.0,0.5718061327934265,0.8525232672691345,0.852520763874054,289367.0,289366.0,0.0,0.9849451780319214,0.9688178896903992,0.23533684015274048,4536.0,4536.0,0.45658576488494873,0.9688178896903992,0.9688178896903992,140932.0,140932.0
11,0.0,0.9221317768096924,0.8479630351066589,0.3907630145549774,51605.0,51605.0,0.5702438354492188,0.8479630351066589,0.8479630351066589,287819.0,287819.0,0.0,0.9885715842247009,0.9666593074798584,0.2885175049304962,4850.0,4850.0,0.4879257082939148,0.9666593074798584,0.9666593074798584,140618.0,140618.0
12,0.0,0.9206929206848145,0.8464103937149048,0.3918676972389221,52132.0,52132.0,0.5707091093063354,0.8464103937149048,0.8464103937149048,287292.0,287292.0,0.0,0.9906228184700012,0.9668312072753906,0.24344663321971893,4825.0,4825.0,0.4481113851070404,0.9668312072753906,0.9668312072753906,140643.0,140643.0
13,1.4730837847309886e-06,0.9222613573074341,0.8461629152297974,0.39022764563560486,52216.0,52216.0,0.5696573257446289,0.8461629152297974,0.8461629152297974,287208.0,287208.0,0.0,0.9848127365112305,0.968377947807312,0.3203473687171936,4600.0,4600.0,0.49377548694610596,0.968377947807312,0.968377947807312,140868.0,140868.0
14,0.0,0.921779453754425,0.8480042815208435,0.38922247290611267,51591.0,51591.0,0.5706507563591003,0.8480042815208435,0.8480042815208435,287833.0,287833.0,0.0,0.9884489178657532,0.9676836133003235,0.2726796269416809,4701.0,4701.0,0.46783480048179626,0.9676836133003235,0.9676836133003235,140767.0,140767.0
15,0.0,0.9244822263717651,0.8511713743209839,0.3859824538230896,50516.0,50516.0,0.5663186311721802,0.8511713743209839,0.8511713743209839,288908.0,288908.0,0.0,0.9878818988800049,0.9690378904342651,0.35095277428627014,4504.0,4504.0,0.5127536058425903,0.9690378904342651,0.9690378904342651,140964.0,140964.0
16,0.0,0.924075722694397,0.8488409519195557,0.38698336482048035,51307.0,51307.0,0.5671030879020691,0.8488409519195557,0.8488409519195557,288117.0,288117.0,0.0,0.9883346557617188,0.9674361348152161,0.33465421199798584,4737.0,4737.0,0.49048474431037903,0.9674361348152161,0.9674361348152161,140731.0,140731.0
17,0.0,0.9256789684295654,0.8533191680908203,0.38610389828681946,49787.0,49787.0,0.5670693516731262,0.8533191680908203,0.8533191680908203,289637.0,289637.0,0.0,0.9878565073013306,0.9696909189224243,0.2557015120983124,4409.0,4409.0,0.48561733961105347,0.9696909189224243,0.9696909189224243,141059.0,141059.0
18,1.4730837847309886e-06,0.9248937368392944,0.8548364043235779,0.3861570358276367,49272.0,49272.0,0.5669783353805542,0.8548364043235779,0.8548364043235779,290152.0,290152.0,0.0,0.9808794260025024,0.9479817152023315,0.38957279920578003,7567.0,7567.0,0.5247671008110046,0.9479817152023315,0.9479817152023315,137901.0,137901.0
19,0.0,0.932822048664093,0.8612178564071655,0.3705747425556183,47106.0,47106.0,0.5279316902160645,0.8612178564071655,0.8612178564071655,292318.0,292318.0,0.0,0.9895064830780029,0.971980094909668,0.28602007031440735,4076.0,4076.0,0.44685235619544983,0.971980094909668,0.971980094909668,141392.0,141392.0
20,0.0,0.941875696182251,0.8814197182655334,0.368370920419693,40249.0,40249.0,0.5276567935943604,0.8814197182655334,0.8814197182655334,299175.0,299175.0,0.0,0.9848160147666931,0.9685704112052917,0.2769756615161896,4572.0,4572.0,0.4479656219482422,0.9685704112052917,0.9685704112052917,140896.0,140896.0
21,0.0,0.947476327419281,0.9001455307006836,0.3617633283138275,33893.0,33893.0,0.524980902671814,0.9001455307006836,0.9001455307006836,305531.0,305531.0,0.0,0.9856662750244141,0.9678073525428772,0.2940310537815094,4683.0,4683.0,0.45003780722618103,0.9678073525428772,0.9678073525428772,140785.0,140785.0
22,0.0,0.9494535326957703,0.9026026725769043,0.35845524072647095,33059.0,33059.0,0.5240124464035034,0.9026026725769043,0.9026026725769043,306365.0,306365.0,0.0,0.9900331497192383,0.9680410623550415,0.25233209133148193,4649.0,4649.0,0.437002569437027,0.9680410623550415,0.9680410623550415,140819.0,140819.0
23,0.0,0.9398530125617981,0.8740601539611816,0.3672564923763275,42747.0,42747.0,0.5259532928466797,0.8740601539611816,0.8740601539611816,296677.0,296677.0,0.0,0.9895539283752441,0.9696634411811829,0.2727055549621582,4413.0,4413.0,0.43624427914619446,0.9696634411811829,0.9696634411811829,141055.0,141055.0
24,0.0,0.9412150382995605,0.8763935565948486,0.36785802245140076,41955.0,41955.0,0.5268574953079224,0.8763935565948486,0.8763935565948486,297469.0,297469.0,0.0,0.9856997728347778,0.9692784547805786,0.293861448764801,4469.0,4469.0,0.4440697133541107,0.9692784547805786,0.9692784547805786,140999.0,140999.0
25,0.0,0.941756010055542,0.8785884380340576,0.3672090172767639,41210.0,41210.0,0.5263426899909973,0.8785884380340576,0.8785884380340576,298214.0,298214.0,0.0,0.990354061126709,0.9704333543777466,0.2956923544406891,4301.0,4301.0,0.44094038009643555,0.9704333543777466,0.9704333543777466,141167.0,141167.0
26,0.0,0.9421617388725281,0.8801999688148499,0.3667278289794922,40663.0,40663.0,0.5256596207618713,0.8801999688148499,0.8801999688148499,298761.0,298761.0,0.0,0.9869644641876221,0.9732243418693542,0.342436283826828,3895.0,3895.0,0.4755721688270569,0.9732243418693542,0.9732243418693542,141573.0,141573.0
27,0.0,0.9372008442878723,0.8630090951919556,0.36809274554252625,46498.0,46498.0,0.5256001949310303,0.8630090951919556,0.8630090951919556,292926.0,292926.0,0.0,0.9900135397911072,0.9709764122962952,0.26141178607940674,4222.0,4222.0,0.4390227496623993,0.9709764122962952,0.9709764122962952,141246.0,141246.0
28,0.0,0.937852680683136,0.8640490770339966,0.3663685917854309,46145.0,46145.0,0.5241622924804688,0.8640490770339966,0.8640490770339966,293279.0,293279.0,0.0,0.991473376750946,0.9712789058685303,0.2703542113304138,4178.0,4178.0,0.4397949278354645,0.9712789058685303,0.9712789058685303,141290.0,141290.0
29,0.0,0.940416693687439,0.8681148290634155,0.36227452754974365,44765.0,44765.0,0.5110455751419067,0.8681148290634155,0.8681148290634155,294659.0,294659.0,0.0,0.9893040060997009,0.971038281917572,0.289222776889801,4213.0,4213.0,0.4393424689769745,0.971038281917572,0.971038281917572,141255.0,141255.0
30,0.0,0.9400211572647095,0.8670306205749512,0.3632272183895111,45133.0,45133.0,0.5112958550453186,0.8670306205749512,0.8670306205749512,294291.0,294291.0,0.0,0.9894996881484985,0.9713957905769348,0.29852044582366943,4161.0,4161.0,0.44305941462516785,0.9713957905769348,0.9713957905769348,141307.0,141307.0
31,0.0,0.9406919479370117,0.868418276309967,0.3614199757575989,44662.0,44662.0,0.5100354552268982,0.868418276309967,0.868418276309967,294762.0,294762.0,0.0,0.9914178848266602,0.9685704112052917,0.305875301361084,4572.0,4572.0,0.4479793906211853,0.9685704112052917,0.9685704112052917,140896.0,140896.0
32,0.0,0.9407574534416199,0.8684801459312439,0.36172425746917725,44641.0,44641.0,0.5104778409004211,0.8684801459312439,0.8684801459312439,294783.0,294783.0,0.0,0.9897758960723877,0.9712514281272888,0.27430012822151184,4182.0,4182.0,0.43418943881988525,0.9712514281272888,0.9712514281272888,141286.0,141286.0
33,0.0,0.9405627846717834,0.8678908944129944,0.3621639013290405,44841.0,44841.0,0.510272204875946,0.8678908944129944,0.8678908944129944,294583.0,294583.0,0.0,0.9873695373535156,0.9688591361045837,0.2640734910964966,4530.0,4530.0,0.42764806747436523,0.9688591361045837,0.9688591361045837,140938.0,140938.0
34,0.0,0.9409909248352051,0.8683298826217651,0.361299991607666,44692.0,44692.0,0.509666919708252,0.8683298826217651,0.8683298826217651,294732.0,294732.0,0.0,0.9897783994674683,0.9689760208129883,0.27535635232925415,4513.0,4513.0,0.430277019739151,0.9689760208129883,0.9689760208129883,140955.0,140955.0
35,0.0,0.9404523372650146,0.8677141070365906,0.3623233437538147,44901.0,44901.0,0.5105932354927063,0.8677141070365906,0.8677141070365906,294523.0,294523.0,0.0,0.9874658584594727,0.9725162982940674,0.2565793991088867,3998.0,3998.0,0.42699265480041504,0.9725162982940674,0.9725162982940674,141470.0,141470.0
36,0.0,0.9411172866821289,0.8687452673912048,0.3611067831516266,44551.0,44551.0,0.5103346705436707,0.8687452673912048,0.8687452673912048,294873.0,294873.0,0.0,0.9903551936149597,0.9714645147323608,0.26849281787872314,4151.0,4151.0,0.43278154730796814,0.9714645147323608,0.9714645147323608,141317.0,141317.0
37,0.0,0.9406101107597351,0.8679026961326599,0.3619290590286255,44837.0,44837.0,0.510473370552063,0.8679026961326599,0.8679026961326599,294587.0,294587.0,0.0,0.9919351935386658,0.9726950526237488,0.2679722309112549,3972.0,3972.0,0.4282775819301605,0.9726950526237488,0.9726950526237488,141496.0,141496.0
38,0.0,0.9414994716644287,0.869461178779602,0.36072808504104614,44308.0,44308.0,0.5098105669021606,0.869461178779602,0.869461178779602,295116.0,295116.0,0.0,0.9864984154701233,0.9710795283317566,0.2653008699417114,4207.0,4207.0,0.4271491765975952,0.9710795283317566,0.9710795283317566,141261.0,141261.0
39,0.0,0.9431898593902588,0.8717857599258423,0.3570330739021301,43519.0,43519.0,0.5025462508201599,0.8717857599258423,0.8717857599258423,295905.0,295905.0,0.0,0.9934435486793518,0.971615731716156,0.28239160776138306,4129.0,4129.0,0.4312366247177124,0.971615731716156,0.971615731716156,141339.0,141339.0
