epoch,acc,auc,binary_accuracy,binary_crossentropy,fn,fp,loss,precision,recall,tn,tp,val_acc,val_auc,val_binary_accuracy,val_binary_crossentropy,val_fn,val_fp,val_loss,val_precision,val_recall,val_tn,val_tp
0,0.003386619733646512,0.9783104658126831,0.9233731031417847,0.18786393105983734,26009.0,26009.0,0.3607085347175598,0.9233731031417847,0.9233731031417847,313415.0,313415.0,0.0,0.9908871054649353,0.963675856590271,0.11642763763666153,5284.0,5284.0,0.2507920265197754,0.963675856590271,0.963675856590271,140184.0,140184.0
1,0.00018413548241369426,0.9841539859771729,0.9363067746162415,0.15998475253582,21619.0,21619.0,0.24896985292434692,0.9363067746162415,0.9363067746162415,317805.0,317805.0,0.0,0.994152843952179,0.9703096151351929,0.09714026004076004,4319.0,4319.0,0.1701437383890152,0.9703096151351929,0.9703096151351929,141149.0,141149.0
2,0.0,0.9867505431175232,0.9405168890953064,0.1464816778898239,20190.0,20190.0,0.20656761527061462,0.9405168890953064,0.9405168890953064,319234.0,319234.0,0.0,0.9951400756835938,0.9668999314308167,0.08658240735530853,4815.0,4815.0,0.13276155292987823,0.9668999314308167,0.9668999314308167,140653.0,140653.0
3,0.0,0.9885188937187195,0.9442437887191772,0.13671033084392548,18925.0,18925.0,0.17132505774497986,0.9442437887191772,0.9442437887191772,320499.0,320499.0,0.0,0.9950367212295532,0.9692509770393372,0.10010097175836563,4473.0,4473.0,0.12831807136535645,0.9692509770393372,0.9692509770393372,140995.0,140995.0
4,0.0,0.989623486995697,0.9468923807144165,0.13017551600933075,18026.0,18026.0,0.15160317718982697,0.9468923807144165,0.9468923807144165,321398.0,321398.0,0.0,0.986788809299469,0.9410935640335083,0.14652593433856964,8569.0,8569.0,0.16601894795894623,0.9410935640335083,0.9410935640335083,136899.0,136899.0
5,0.0,0.9904589653015137,0.9485393166542053,0.12482079118490219,17467.0,17467.0,0.13881827890872955,0.9485393166542053,0.9485393166542053,321957.0,321957.0,0.0,0.986815333366394,0.9401724338531494,0.15105754137039185,8703.0,8703.0,0.1624552309513092,0.9401724338531494,0.9401724338531494,136765.0,136765.0
6,0.0,0.9909959435462952,0.9502274394035339,0.12114913761615753,16894.0,16894.0,0.12965421378612518,0.9502274394035339,0.9502274394035339,322530.0,322530.0,0.0,0.9957385659217834,0.9657519459724426,0.10471031069755554,4982.0,4982.0,0.11214979737997055,0.9657519459724426,0.9657519459724426,140486.0,140486.0
7,0.0,0.9913661479949951,0.950975775718689,0.11877875030040741,16640.0,16640.0,0.12475353479385376,0.950975775718689,0.950975775718689,322784.0,322784.0,0.0,0.9959877133369446,0.9685635566711426,0.0832023099064827,4573.0,4573.0,0.08936799317598343,0.9685635566711426,0.9685635566711426,140895.0,140895.0
8,0.0,0.9915701150894165,0.9513499140739441,0.11700603365898132,16513.0,16513.0,0.12159328907728195,0.9513499140739441,0.9513499140739441,322911.0,322911.0,0.0,0.9958562850952148,0.9686048030853271,0.08063888549804688,4567.0,4567.0,0.08515060693025589,0.9686048030853271,0.9686048030853271,140901.0,140901.0
9,0.0,0.9917817711830139,0.9520010352134705,0.11575566232204437,16292.0,16292.0,0.11986209452152252,0.9520010352134705,0.9520010352134705,323132.0,323132.0,0.0,0.9957196116447449,0.9691478610038757,0.08139986544847488,4488.0,4488.0,0.08557479083538055,0.9691478610038757,0.9691478610038757,140980.0,140980.0
10,0.0,0.9918588995933533,0.9516887664794922,0.11528952419757843,16398.0,16398.0,0.11920291185379028,0.9516887664794922,0.9516887664794922,323026.0,323026.0,0.0,0.9955536127090454,0.9733274579048157,0.08738315850496292,3880.0,3880.0,0.09113608300685883,0.9733274579048157,0.9733274579048157,141588.0,141588.0
11,0.0,0.9918778538703918,0.9517771005630493,0.11507779359817505,16368.0,16368.0,0.11892905086278915,0.9517771005630493,0.9517771005630493,323056.0,323056.0,0.0,0.9960657954216003,0.969388484954834,0.08012694865465164,4453.0,4453.0,0.0840916559100151,0.969388484954834,0.969388484954834,141015.0,141015.0
12,0.0,0.9917391538619995,0.951897919178009,0.11585049331188202,16327.0,16327.0,0.11967483907938004,0.951897919178009,0.951897919178009,323097.0,323097.0,0.0,0.995978057384491,0.9691616296768188,0.08182474970817566,4486.0,4486.0,0.08565127104520798,0.9691616296768188,0.9691616296768188,140982.0,140982.0
13,0.0,0.9919102787971497,0.9519981145858765,0.11491984874010086,16293.0,16293.0,0.1187305673956871,0.9519981145858765,0.9519981145858765,323131.0,323131.0,0.0,0.9961298108100891,0.9693678617477417,0.0809837058186531,4456.0,4456.0,0.08486051112413406,0.9693678617477417,0.9693678617477417,141012.0,141012.0
14,0.0,0.9919711947441101,0.9519833326339722,0.11446318030357361,16298.0,16298.0,0.1182849258184433,0.9519833326339722,0.9519833326339722,323126.0,323126.0,0.0,0.996035099029541,0.969168484210968,0.08114118129014969,4485.0,4485.0,0.0850149616599083,0.969168484210968,0.969168484210968,140983.0,140983.0
15,0.0,0.9918692111968994,0.951897919178009,0.11509305238723755,16327.0,16327.0,0.11891371011734009,0.951897919178009,0.951897919178009,323097.0,323097.0,0.0,0.9960874915122986,0.9692303538322449,0.08109952509403229,4476.0,4476.0,0.08497395366430283,0.9692303538322449,0.9692303538322449,140992.0,140992.0
16,0.0,0.9918394684791565,0.9514766335487366,0.11545082926750183,16470.0,16470.0,0.11927071958780289,0.9514766335487366,0.9514766335487366,322954.0,322954.0,0.0,0.9960940480232239,0.9692578315734863,0.0810885801911354,4472.0,4472.0,0.08496329933404922,0.9692578315734863,0.9692578315734863,140996.0,140996.0
17,0.0,0.9918162226676941,0.9518743753433228,0.11541000753641129,16335.0,16335.0,0.11923012882471085,0.9518743753433228,0.9518743753433228,323089.0,323089.0,0.0,0.9961055517196655,0.9694434404373169,0.08106479048728943,4445.0,4445.0,0.08494076877832413,0.9694434404373169,0.9694434404373169,141023.0,141023.0
18,0.0,0.9918986558914185,0.9520010352134705,0.11514294892549515,16292.0,16292.0,0.1189633458852768,0.9520010352134705,0.9520010352134705,323132.0,323132.0,0.0,0.9959567189216614,0.9691753387451172,0.08117194473743439,4484.0,4484.0,0.08504489809274673,0.9691753387451172,0.9691753387451172,140984.0,140984.0
19,0.0,0.9919239282608032,0.9517712593078613,0.11473698168992996,16370.0,16370.0,0.1185571551322937,0.9517712593078613,0.9517712593078613,323054.0,323054.0,0.0,0.9960216879844666,0.969168484210968,0.08117014914751053,4485.0,4485.0,0.08504250645637512,0.969168484210968,0.969168484210968,140983.0,140983.0
20,0.0,0.9917142391204834,0.9514058828353882,0.11591649055480957,16494.0,16494.0,0.11973631381988525,0.9514058828353882,0.9514058828353882,322930.0,322930.0,0.0,0.9962006211280823,0.96945720911026,0.08106708526611328,4443.0,4443.0,0.08494267612695694,0.96945720911026,0.96945720911026,141025.0,141025.0
21,0.0,0.9919443726539612,0.9520069360733032,0.11463393270969391,16290.0,16290.0,0.11845395714044571,0.9520069360733032,0.9520069360733032,323134.0,323134.0,0.0,0.9960138201713562,0.9691959619522095,0.08113787323236465,4481.0,4481.0,0.08501118421554565,0.9691959619522095,0.9691959619522095,140987.0,140987.0
22,0.0,0.9918565154075623,0.9518272280693054,0.11510574817657471,16351.0,16351.0,0.11892571300268173,0.9518272280693054,0.9518272280693054,323073.0,323073.0,0.0,0.9960741996765137,0.9692234992980957,0.08109494298696518,4477.0,4477.0,0.08496952801942825,0.9692234992980957,0.9692234992980957,140991.0,140991.0
23,0.0,0.9918731451034546,0.9519156217575073,0.1149558499455452,16321.0,16321.0,0.11877581477165222,0.9519156217575073,0.9519156217575073,323103.0,323103.0,0.0,0.9960052371025085,0.9691959619522095,0.08112213015556335,4481.0,4481.0,0.08499637991189957,0.9691959619522095,0.9691959619522095,140987.0,140987.0
24,0.0,0.9918920397758484,0.9521394968032837,0.11475881189107895,16245.0,16245.0,0.11857887357473373,0.9521394968032837,0.9521394968032837,323179.0,323179.0,0.0,0.9960393309593201,0.9691959619522095,0.08112893253564835,4481.0,4481.0,0.08500292152166367,0.9691959619522095,0.9691959619522095,140987.0,140987.0
25,0.0,0.9920510649681091,0.9524075984954834,0.11401428282260895,16154.0,16154.0,0.11783424019813538,0.9524075984954834,0.9524075984954834,323270.0,323270.0,0.0,0.9959675669670105,0.969168484210968,0.08115654438734055,4485.0,4485.0,0.08502982556819916,0.969168484210968,0.969168484210968,140983.0,140983.0
26,0.0,0.9919689297676086,0.9520923495292664,0.11448633670806885,16261.0,16261.0,0.11830633133649826,0.9520923495292664,0.9520923495292664,323163.0,323163.0,0.0,0.9960200190544128,0.9692028760910034,0.0811091959476471,4480.0,4480.0,0.08498382568359375,0.9692028760910034,0.9692028760910034,140988.0,140988.0
27,0.0,0.9918224215507507,0.9517300128936768,0.11534182727336884,16384.0,16384.0,0.11916185915470123,0.9517300128936768,0.9517300128936768,323040.0,323040.0,0.0,0.996043860912323,0.9692234992980957,0.0811060294508934,4477.0,4477.0,0.08498033881187439,0.9692234992980957,0.9692234992980957,140991.0,140991.0
28,0.0,0.9918031096458435,0.9513587951660156,0.11557645350694656,16510.0,16510.0,0.11939670145511627,0.9513587951660156,0.9513587951660156,322914.0,322914.0,0.0,0.9960086345672607,0.9691959619522095,0.08111536502838135,4481.0,4481.0,0.0849900022149086,0.9691959619522095,0.9691959619522095,140987.0,140987.0
29,0.0,0.9919177889823914,0.9520570039749146,0.11483150720596313,16273.0,16273.0,0.11865143477916718,0.9520570039749146,0.9520570039749146,323151.0,323151.0,0.0,0.9960317015647888,0.969168484210968,0.08115657418966293,4485.0,4485.0,0.08502950519323349,0.969168484210968,0.969168484210968,140983.0,140983.0
30,0.0,0.9918515086174011,0.9518625736236572,0.11516944319009781,16339.0,16339.0,0.11898928880691528,0.9518625736236572,0.9518625736236572,323085.0,323085.0,0.0,0.9960784912109375,0.969244122505188,0.08108450472354889,4474.0,4474.0,0.08495955169200897,0.969244122505188,0.969244122505188,140994.0,140994.0
31,0.0,0.9918707609176636,0.9522337913513184,0.11493994295597076,16213.0,16213.0,0.11875991523265839,0.9522337913513184,0.9522337913513184,323211.0,323211.0,0.0,0.9960556030273438,0.9692165851593018,0.08108783513307571,4478.0,4478.0,0.08496326953172684,0.9692165851593018,0.9692165851593018,140990.0,140990.0
32,0.0,0.991926908493042,0.952472448348999,0.11462052166461945,16132.0,16132.0,0.11844070255756378,0.952472448348999,0.952472448348999,323292.0,323292.0,0.0,0.9960415959358215,0.9692165851593018,0.08110971003770828,4478.0,4478.0,0.08498410135507584,0.9692165851593018,0.9692165851593018,140990.0,140990.0
33,0.0,0.9918791055679321,0.9518625736236572,0.1150292158126831,16339.0,16339.0,0.11884919553995132,0.9518625736236572,0.9518625736236572,323085.0,323085.0,0.0,0.9959762096405029,0.9691753387451172,0.0812232717871666,4484.0,4484.0,0.0850944072008133,0.9691753387451172,0.9691753387451172,140984.0,140984.0
34,0.0,0.9918487071990967,0.9518772959709167,0.11520026624202728,16334.0,16334.0,0.11902068555355072,0.9518772959709167,0.9518772959709167,323090.0,323090.0,0.0,0.9960644245147705,0.9692234992980957,0.08109484612941742,4477.0,4477.0,0.08496972173452377,0.9692234992980957,0.9692234992980957,140991.0,140991.0
35,0.0,0.991815447807312,0.951553225517273,0.1153961718082428,16444.0,16444.0,0.11921616643667221,0.951553225517273,0.951553225517273,322980.0,322980.0,0.0,0.9960252046585083,0.9692097306251526,0.08109284937381744,4479.0,4479.0,0.08496823161840439,0.9692097306251526,0.9692097306251526,140989.0,140989.0
36,0.0,0.9919390678405762,0.9519214630126953,0.11467708647251129,16319.0,16319.0,0.11849711835384369,0.9519214630126953,0.9519214630126953,323105.0,323105.0,0.0,0.9960024952888489,0.9691959619522095,0.08114061504602432,4481.0,4481.0,0.08501388877630234,0.9691959619522095,0.9691959619522095,140987.0,140987.0
37,0.0,0.9918831586837769,0.9517712593078613,0.11509567499160767,16370.0,16370.0,0.11891578137874603,0.9517712593078613,0.9517712593078613,323054.0,323054.0,0.0,0.9960801005363464,0.9692234992980957,0.08108854293823242,4477.0,4477.0,0.08496370166540146,0.9692234992980957,0.9692234992980957,140991.0,140991.0
38,0.0,0.9919916391372681,0.9523221850395203,0.11407824605703354,16183.0,16183.0,0.11789817363023758,0.9523221850395203,0.9523221850395203,323241.0,323241.0,0.0,0.9960101842880249,0.9691959619522095,0.08110768347978592,4481.0,4481.0,0.08498258888721466,0.9691959619522095,0.9691959619522095,140987.0,140987.0
39,0.0,0.9918685555458069,0.9516828656196594,0.1150704026222229,16400.0,16400.0,0.11889045685529709,0.9516828656196594,0.9516828656196594,323024.0,323024.0,0.0,0.996049702167511,0.9692165851593018,0.08110051602125168,4478.0,4478.0,0.0849752128124237,0.9692165851593018,0.9692165851593018,140990.0,140990.0
