epoch,acc,auc,binary_accuracy,binary_crossentropy,fn,fp,loss,precision,recall,tn,tp,val_acc,val_auc,val_binary_accuracy,val_binary_crossentropy,val_fn,val_fp,val_loss,val_precision,val_recall,val_tn,val_tp
0,0.0,0.9679805040359497,0.9191041588783264,0.2477903962135315,27417.0,27499.0,0.43437862396240234,0.919002890586853,0.9192249178886414,311925.0,312007.0,0.0,0.9916917085647583,0.9564852714538574,0.13235816359519958,6330.0,6330.0,0.32595357298851013,0.9564852714538574,0.9564852714538574,139138.0,139138.0
1,0.0,0.9737037420272827,0.9288647770881653,0.22346122562885284,24145.0,24145.0,0.39659756422042847,0.9288647770881653,0.9288647770881653,315279.0,315279.0,0.0,0.9917452335357666,0.9622116088867188,0.21124954521656036,5497.0,5497.0,0.3394031524658203,0.9622116088867188,0.9622116088867188,139971.0,139971.0
2,0.0,0.9749779105186462,0.9305824041366577,0.21779903769493103,23562.0,23562.0,0.3902074694633484,0.9305824041366577,0.9305824041366577,315862.0,315862.0,0.0,0.9943848848342896,0.9703027606010437,0.18730078637599945,4320.0,4320.0,0.3211989402770996,0.9703027606010437,0.9703027606010437,141148.0,141148.0
3,0.0,0.9759498834609985,0.9345744848251343,0.21435154974460602,22207.0,22207.0,0.3876773715019226,0.9345744848251343,0.9345744848251343,317217.0,317217.0,0.0,0.9921887516975403,0.9708870649337769,0.15007284283638,4235.0,4235.0,0.3135998547077179,0.9708870649337769,0.9708870649337769,141233.0,141233.0
4,0.0,0.976982593536377,0.9394680261611938,0.21279031038284302,20546.0,20546.0,0.3872796297073364,0.9394680261611938,0.9394680261611938,318878.0,318878.0,0.0,0.9913281202316284,0.9678073525428772,0.1329127997159958,4683.0,4683.0,0.31780537962913513,0.9678073525428772,0.9678073525428772,140785.0,140785.0
5,0.0,0.977121114730835,0.9393266439437866,0.21133968234062195,20594.0,20594.0,0.38441893458366394,0.9393266439437866,0.9393266439437866,318830.0,318830.0,0.0,0.9806743860244751,0.9718907475471497,0.15248827636241913,4089.0,4089.0,0.339537113904953,0.9718907475471497,0.9718907475471497,141379.0,141379.0
6,0.0,0.9769282937049866,0.9401751160621643,0.21250686049461365,20306.0,20306.0,0.38440072536468506,0.9401751160621643,0.9401751160621643,319118.0,319118.0,0.0,0.9923239946365356,0.971478283405304,0.17881393432617188,4149.0,4149.0,0.31484729051589966,0.971478283405304,0.971478283405304,141319.0,141319.0
7,0.0,0.9779819250106812,0.9424377679824829,0.2094659060239792,19538.0,19538.0,0.38153231143951416,0.9424377679824829,0.9424377679824829,319886.0,319886.0,0.0,0.9939126968383789,0.970247745513916,0.1418498158454895,4328.0,4328.0,0.30170077085494995,0.970247745513916,0.970247745513916,141140.0,141140.0
8,0.0,0.97858726978302,0.9432185292243958,0.20842379331588745,19273.0,19273.0,0.38190537691116333,0.9432185292243958,0.9432185292243958,320151.0,320151.0,0.0,0.9915143847465515,0.9712857604026794,0.12948717176914215,4177.0,4177.0,0.3117145895957947,0.9712857604026794,0.9712857604026794,141291.0,141291.0
9,0.0,0.97789067029953,0.9415597915649414,0.20958676934242249,19836.0,19836.0,0.38098934292793274,0.9415597915649414,0.9415597915649414,319588.0,319588.0,0.0,0.9940376877784729,0.9714370369911194,0.11885756999254227,4155.0,4155.0,0.30202874541282654,0.9714370369911194,0.9714370369911194,141313.0,141313.0
10,0.0,0.9764738082885742,0.9362626075744629,0.2112172245979309,21634.0,21634.0,0.3802628219127655,0.9362626075744629,0.9362626075744629,317790.0,317790.0,0.0,0.9873941540718079,0.9700759053230286,0.14636853337287903,4353.0,4353.0,0.3062720000743866,0.9700759053230286,0.9700759053230286,141115.0,141115.0
11,0.0,0.9780773520469666,0.9418455958366394,0.20766258239746094,19739.0,19739.0,0.3803968131542206,0.9418455958366394,0.9418455958366394,319685.0,319685.0,0.0,0.9941237568855286,0.9720281958580017,0.10781531780958176,4069.0,4069.0,0.3315826654434204,0.9720281958580017,0.9720281958580017,141399.0,141399.0
12,0.0,0.9781284332275391,0.9448772072792053,0.20723195374011993,18710.0,18710.0,0.38023582100868225,0.9448772072792053,0.9448772072792053,320714.0,320714.0,0.0,0.9928844571113586,0.9695190787315369,0.11935205012559891,4434.0,4434.0,0.3160434365272522,0.9695190787315369,0.9695190787315369,141034.0,141034.0
13,0.0,0.978486955165863,0.9444912672042847,0.2054871767759323,18841.0,18841.0,0.37850722670555115,0.9444912672042847,0.9444912672042847,320583.0,320583.0,0.0,0.9944772720336914,0.971333920955658,0.14972452819347382,4170.0,4170.0,0.3021794855594635,0.971333920955658,0.971333920955658,141298.0,141298.0
14,0.0,0.9792885184288025,0.9461764693260193,0.2040632665157318,18269.0,18269.0,0.37555453181266785,0.9461764693260193,0.9461764693260193,321155.0,321155.0,0.0,0.993427038192749,0.9708045721054077,0.11317451298236847,4247.0,4247.0,0.31305909156799316,0.9708045721054077,0.9708045721054077,141221.0,141221.0
15,0.0,0.9789302349090576,0.9455018043518066,0.2040950506925583,18498.0,18498.0,0.37714478373527527,0.9455018043518066,0.9455018043518066,320926.0,320926.0,0.0,0.9933871030807495,0.9719869494438171,0.1270640790462494,4075.0,4075.0,0.3191056251525879,0.9719869494438171,0.9719869494438171,141393.0,141393.0
16,0.0,0.9783976674079895,0.9429680705070496,0.20401838421821594,19358.0,19358.0,0.3754359483718872,0.9429680705070496,0.9429680705070496,320066.0,320066.0,0.0,0.9946498870849609,0.9725300669670105,0.13370496034622192,3996.0,3996.0,0.3065248429775238,0.9725300669670105,0.9725300669670105,141472.0,141472.0
17,0.0,0.9783123731613159,0.9431477785110474,0.20530535280704498,19297.0,19297.0,0.37658455967903137,0.9431477785110474,0.9431477785110474,320127.0,320127.0,0.0,0.9946042895317078,0.971980094909668,0.12691622972488403,4076.0,4076.0,0.29802608489990234,0.971980094909668,0.971980094909668,141392.0,141392.0
18,0.0,0.9787379503250122,0.9448949098587036,0.20280805230140686,18704.0,18704.0,0.37341776490211487,0.9448949098587036,0.9448949098587036,320720.0,320720.0,0.0,0.9947355389595032,0.9719869494438171,0.13904176652431488,4075.0,4075.0,0.3109271824359894,0.9719869494438171,0.9719869494438171,141393.0,141393.0
19,0.0,0.9784948825836182,0.94352787733078,0.20464110374450684,19168.0,19168.0,0.37470197677612305,0.94352787733078,0.94352787733078,320256.0,320256.0,0.0,0.9942850470542908,0.9717394709587097,0.13043427467346191,4111.0,4111.0,0.31899750232696533,0.9717394709587097,0.9717394709587097,141357.0,141357.0
20,0.0,0.9795263409614563,0.9465064406394958,0.20121295750141144,18157.0,18157.0,0.3740851581096649,0.9465064406394958,0.9465064406394958,321267.0,321267.0,0.0,0.9944218993186951,0.9694434404373169,0.14855808019638062,4445.0,4445.0,0.30441930890083313,0.9694434404373169,0.9694434404373169,141023.0,141023.0
21,0.0,0.9803133010864258,0.9481828212738037,0.1999223530292511,17588.0,17588.0,0.3722485303878784,0.9481828212738037,0.9481828212738037,321836.0,321836.0,0.0,0.9927264451980591,0.9699452519416809,0.13324187695980072,4372.0,4372.0,0.316902756690979,0.9699452519416809,0.9699452519416809,141096.0,141096.0
22,0.0,0.9802001714706421,0.948176920413971,0.2000916451215744,17590.0,17590.0,0.37155142426490784,0.948176920413971,0.948176920413971,321834.0,321834.0,0.0,0.9933593273162842,0.9721106886863708,0.15330283343791962,4057.0,4057.0,0.3122190237045288,0.9721106886863708,0.9721106886863708,141411.0,141411.0
23,0.0,0.9805938601493835,0.9476377367973328,0.19937971234321594,17773.0,17773.0,0.3732548654079437,0.9476377367973328,0.9476377367973328,321651.0,321651.0,0.0,0.9935844540596008,0.9718219637870789,0.12392808496952057,4099.0,4099.0,0.31520316004753113,0.9718219637870789,0.9718219637870789,141369.0,141369.0
24,0.0,0.9807591438293457,0.9480738043785095,0.1977783739566803,17625.0,17625.0,0.37204933166503906,0.9480738043785095,0.9480738043785095,321799.0,321799.0,0.0,0.9935379028320312,0.9721382260322571,0.13383100926876068,4053.0,4053.0,0.3017129600048065,0.9721382260322571,0.9721382260322571,141415.0,141415.0
25,0.0,0.9803305864334106,0.9483212828636169,0.19962617754936218,17541.0,17541.0,0.37136349081993103,0.9483212828636169,0.9483212828636169,321883.0,321883.0,0.0,0.9947056174278259,0.9721519351005554,0.12099628895521164,4051.0,4051.0,0.30267465114593506,0.9721519351005554,0.9721519351005554,141417.0,141417.0
26,0.0,0.980756938457489,0.9482122659683228,0.19856446981430054,17578.0,17578.0,0.37095311284065247,0.9482122659683228,0.9482122659683228,321846.0,321846.0,0.0,0.9941595792770386,0.9691959619522095,0.13288067281246185,4481.0,4481.0,0.3142468333244324,0.9691959619522095,0.9691959619522095,140987.0,140987.0
27,0.0,0.9810678958892822,0.9487484693527222,0.19708146154880524,17396.0,17396.0,0.37172383069992065,0.9487484693527222,0.9487484693527222,322028.0,322028.0,0.0,0.9943906664848328,0.9725231528282166,0.13354404270648956,3997.0,3997.0,0.3153716027736664,0.9725231528282166,0.9725231528282166,141471.0,141471.0
28,0.0,0.9805466532707214,0.9481739401817322,0.19884774088859558,17591.0,17591.0,0.37124747037887573,0.9481739401817322,0.9481739401817322,321833.0,321833.0,0.0,0.9944866299629211,0.9724681973457336,0.1782502681016922,4005.0,4005.0,0.3180728256702423,0.9724681973457336,0.9724681973457336,141463.0,141463.0
29,0.0,0.9800777435302734,0.9488015174865723,0.19919496774673462,17378.0,17378.0,0.3709527850151062,0.9488015174865723,0.9488015174865723,322046.0,322046.0,0.0,0.9935466051101685,0.9707083106040955,0.12620314955711365,4261.0,4261.0,0.29858797788619995,0.9707083106040955,0.9707083106040955,141207.0,141207.0
30,0.0,0.9806618094444275,0.9489871263504028,0.19781377911567688,17315.0,17315.0,0.3698696494102478,0.9489871263504028,0.9489871263504028,322109.0,322109.0,0.0,0.9944853186607361,0.9701240062713623,0.11914759129285812,4346.0,4346.0,0.31226620078086853,0.9701240062713623,0.9701240062713623,141122.0,141122.0
31,0.0,0.9807223081588745,0.9500683546066284,0.19673411548137665,16948.0,16948.0,0.3689236342906952,0.9500683546066284,0.9500683546066284,322476.0,322476.0,0.0,0.9934588074684143,0.9722619652748108,0.12045440822839737,4035.0,4035.0,0.3494607210159302,0.9722619652748108,0.9722619652748108,141433.0,141433.0
32,0.0,0.9808579087257385,0.949361264705658,0.19718225300312042,17188.0,17188.0,0.36961889266967773,0.949361264705658,0.949361264705658,322236.0,322236.0,0.0,0.9946497678756714,0.9740698933601379,0.14078961312770844,3772.0,3772.0,0.3026500642299652,0.9740698933601379,0.9740698933601379,141696.0,141696.0
33,0.0,0.9805987477302551,0.949679434299469,0.19749760627746582,17080.0,17080.0,0.37015604972839355,0.949679434299469,0.949679434299469,322344.0,322344.0,0.0,0.9950626492500305,0.9744755029678345,0.16056284308433533,3713.0,3713.0,0.3109326958656311,0.9744755029678345,0.9744755029678345,141755.0,141755.0
34,0.0,0.9811801910400391,0.9498856663703918,0.19592134654521942,17010.0,17010.0,0.3674880266189575,0.9498856663703918,0.9498856663703918,322414.0,322414.0,0.0,0.9954169392585754,0.9728256464004517,0.15404635667800903,3953.0,3953.0,0.30972349643707275,0.9728256464004517,0.9728256464004517,141515.0,141515.0
35,0.0,0.9809163212776184,0.949791431427002,0.196238175034523,17042.0,17042.0,0.3684372305870056,0.949791431427002,0.949791431427002,322382.0,322382.0,0.0,0.9935793280601501,0.9722069501876831,0.1294439285993576,4043.0,4043.0,0.2987721562385559,0.9722069501876831,0.9722069501876831,141425.0,141425.0
36,0.0,0.9804220199584961,0.9489665031433105,0.19805379211902618,17322.0,17322.0,0.3691452145576477,0.9489665031433105,0.9489665031433105,322102.0,322102.0,0.0,0.9951438903808594,0.9747779369354248,0.12192979454994202,3669.0,3669.0,0.3009100556373596,0.9747779369354248,0.9747779369354248,141799.0,141799.0
37,0.0,0.9806772470474243,0.9495851993560791,0.1969754993915558,17112.0,17112.0,0.36778226494789124,0.9495851993560791,0.9495851993560791,322312.0,322312.0,0.0,0.9948363900184631,0.9722962975502014,0.13901478052139282,4030.0,4030.0,0.3078223764896393,0.9722962975502014,0.9722962975502014,141438.0,141438.0
38,0.0,0.980979323387146,0.9503865242004395,0.19563879072666168,16840.0,16840.0,0.36853912472724915,0.9503865242004395,0.9503865242004395,322584.0,322584.0,0.0,0.9952227473258972,0.9720832109451294,0.12162584066390991,4061.0,4061.0,0.3112066388130188,0.9720832109451294,0.9720832109451294,141407.0,141407.0
39,0.0,0.9819304943084717,0.9505191445350647,0.1930943876504898,16795.0,16795.0,0.3662869334220886,0.9505191445350647,0.9505191445350647,322629.0,322629.0,0.0,0.9937527179718018,0.9723100662231445,0.11698486655950546,4028.0,4028.0,0.32279789447784424,0.9723100662231445,0.9723100662231445,141440.0,141440.0
