epoch,acc,auc,binary_accuracy,binary_crossentropy,fn,fp,loss,precision,recall,tn,tp,val_acc,val_auc,val_binary_accuracy,val_binary_crossentropy,val_fn,val_fp,val_loss,val_precision,val_recall,val_tn,val_tp
0,0.0,0.6367009282112122,0.635388195514679,0.6564552783966064,123754.0,123762.0,0.6964107751846313,0.6353849768638611,0.6353999972343445,215662.0,215670.0,0.0,0.633878231048584,0.633878231048584,0.6569614410400391,53259.0,53259.0,0.6594158411026001,0.633878231048584,0.633878231048584,92209.0,92209.0
1,0.0,0.635473370552063,0.6357829570770264,0.6558977365493774,123624.0,123624.0,0.658288300037384,0.6357829570770264,0.6357829570770264,215800.0,215800.0,0.0,0.633878231048584,0.633878231048584,0.6568861603736877,53259.0,53259.0,0.6592141389846802,0.633878231048584,0.633878231048584,92209.0,92209.0
2,0.0,0.6358904838562012,0.6357829570770264,0.655893862247467,123624.0,123624.0,0.6581612825393677,0.6357829570770264,0.6357829570770264,215800.0,215800.0,0.0,0.633878231048584,0.633878231048584,0.6568690538406372,53259.0,53259.0,0.6590762138366699,0.633878231048584,0.633878231048584,92209.0,92209.0
3,0.0,0.6349878311157227,0.6357829570770264,0.6559370160102844,123624.0,123624.0,0.6580869555473328,0.6357829570770264,0.6357829570770264,215800.0,215800.0,0.0,0.633878231048584,0.633878231048584,0.6568730473518372,53259.0,53259.0,0.6589663624763489,0.633878231048584,0.633878231048584,92209.0,92209.0
4,0.0,0.6351030468940735,0.6357829570770264,0.6559098958969116,123624.0,123624.0,0.6579488515853882,0.6357829570770264,0.6357829570770264,215800.0,215800.0,0.0,0.633878231048584,0.633878231048584,0.6568982005119324,53259.0,53259.0,0.6588840484619141,0.633878231048584,0.633878231048584,92209.0,92209.0
5,0.0,0.6357068419456482,0.6357829570770264,0.6559029221534729,123624.0,123624.0,0.6578366160392761,0.6357829570770264,0.6357829570770264,215800.0,215800.0,0.0,0.633878231048584,0.633878231048584,0.6568688750267029,53259.0,53259.0,0.6587516665458679,0.633878231048584,0.633878231048584,92209.0,92209.0
6,0.0,0.6355013251304626,0.6357829570770264,0.6558961868286133,123624.0,123624.0,0.6577295064926147,0.6357829570770264,0.6357829570770264,215800.0,215800.0,0.0,0.633878231048584,0.633878231048584,0.6568901538848877,53259.0,53259.0,0.6586757302284241,0.633878231048584,0.633878231048584,92209.0,92209.0
7,0.0,0.63591468334198,0.6357829570770264,0.6558853387832642,123624.0,123624.0,0.6576238870620728,0.6357829570770264,0.6357829570770264,215800.0,215800.0,0.0,0.633878231048584,0.633878231048584,0.6570876240730286,53259.0,53259.0,0.6587808132171631,0.633878231048584,0.633878231048584,92209.0,92209.0
8,0.0,0.6352828145027161,0.6357829570770264,0.6559577584266663,123624.0,123624.0,0.6576066017150879,0.6357829570770264,0.6357829570770264,215800.0,215800.0,0.0,0.633878231048584,0.633878231048584,0.6569419503211975,53259.0,53259.0,0.6585467457771301,0.633878231048584,0.633878231048584,92209.0,92209.0
