epoch,acc,auc,binary_accuracy,binary_crossentropy,fn,fp,loss,precision,recall,tn,tp,val_acc,val_auc,val_binary_accuracy,val_binary_crossentropy,val_fn,val_fp,val_loss,val_precision,val_recall,val_tn,val_tp
0,2.946167569461977e-06,0.9372183680534363,0.8733795881271362,0.33637040853500366,43092.0,42864.0,0.481077641248703,0.8736305832862854,0.8730437159538269,296560.0,296332.0,0.0,0.9928382039070129,0.9586300849914551,0.18592947721481323,6018.0,6018.0,0.3293014466762543,0.9586300849914551,0.9586300849914551,139450.0,139450.0
1,4.419251581566641e-06,0.9454036355018616,0.8856975436210632,0.31496289372444153,38797.0,38797.0,0.44771191477775574,0.8856975436210632,0.8856975436210632,300627.0,300627.0,0.0,0.9886299967765808,0.9695397019386292,0.19152069091796875,4431.0,4431.0,0.32730424404144287,0.9695397019386292,0.9695397019386292,141037.0,141037.0
2,2.946167569461977e-06,0.9483102560043335,0.8884374499320984,0.307648241519928,37867.0,37867.0,0.4369024336338043,0.8884374499320984,0.8884374499320984,301557.0,301557.0,0.0,0.9940893650054932,0.9716707468032837,0.18500258028507233,4121.0,4121.0,0.30871856212615967,0.9716707468032837,0.9716707468032837,141347.0,141347.0
3,2.946167569461977e-06,0.9497835636138916,0.8914720416069031,0.3031371533870697,36837.0,36837.0,0.42792126536369324,0.8914720416069031,0.8914720416069031,302587.0,302587.0,0.0,0.9939830899238586,0.9718838334083557,0.18068265914916992,4090.0,4090.0,0.3026740849018097,0.9718838334083557,0.9718838334083557,141378.0,141378.0
4,2.946167569461977e-06,0.9521282911300659,0.894536018371582,0.2969744801521301,35797.0,35797.0,0.4183052182197571,0.894536018371582,0.894536018371582,303627.0,303627.0,0.0,0.99467933177948,0.9719182252883911,0.1868397444486618,4085.0,4085.0,0.30652332305908203,0.9719182252883911,0.9719182252883911,141383.0,141383.0
5,2.946167569461977e-06,0.9533051252365112,0.8953049778938293,0.294175386428833,35536.0,35536.0,0.4125784933567047,0.8953049778938293,0.8953049778938293,303888.0,303888.0,0.0,0.9949031472206116,0.9720969796180725,0.17744025588035583,4059.0,4059.0,0.29637885093688965,0.9720969796180725,0.9720969796180725,141409.0,141409.0
6,1.4730837847309886e-06,0.9542357325553894,0.8959354758262634,0.29154354333877563,35322.0,35322.0,0.4073149561882019,0.8959354758262634,0.8959354758262634,304102.0,304102.0,0.0,0.9947808384895325,0.9744823575019836,0.18621064722537994,3712.0,3712.0,0.2975599467754364,0.9744823575019836,0.9744823575019836,141756.0,141756.0
7,0.0,0.9548004269599915,0.8976531028747559,0.28996405005455017,34739.0,34739.0,0.40485474467277527,0.8976531028747559,0.8976531028747559,304685.0,304685.0,0.0,0.9947019815444946,0.97226881980896,0.16439007222652435,4034.0,4034.0,0.287421315908432,0.97226881980896,0.97226881980896,141434.0,141434.0
8,0.0,0.9546981453895569,0.8973938226699829,0.29003146290779114,34827.0,34827.0,0.4038226306438446,0.8973938226699829,0.8973938226699829,304597.0,304597.0,0.0,0.9951608180999756,0.9722825884819031,0.17894236743450165,4032.0,4032.0,0.29282236099243164,0.9722825884819031,0.9722825884819031,141436.0,141436.0
9,0.0,0.9550506472587585,0.897278904914856,0.289332777261734,34866.0,34866.0,0.4029846787452698,0.897278904914856,0.897278904914856,304558.0,304558.0,0.0,0.9950406551361084,0.9723787903785706,0.17424176633358002,4018.0,4018.0,0.29127830266952515,0.9723787903785706,0.9723787903785706,141450.0,141450.0
10,1.4730837847309886e-06,0.954875111579895,0.897548496723175,0.2897098958492279,34775.0,34774.0,0.4030844271183014,0.8975496888160706,0.8975470066070557,304650.0,304649.0,0.0,0.995084822177887,0.9724200367927551,0.18181735277175903,4012.0,4012.0,0.29326367378234863,0.9724200367927551,0.9724200367927551,141456.0,141456.0
11,0.0,0.9561712145805359,0.8980302214622498,0.286455363035202,34611.0,34611.0,0.4000844657421112,0.8980302214622498,0.8980302214622498,304813.0,304813.0,0.0,0.9951134920120239,0.9724063277244568,0.17675845324993134,4014.0,4014.0,0.29102957248687744,0.9724063277244568,0.9724063277244568,141454.0,141454.0
12,0.0,0.9557803273200989,0.8975617289543152,0.2878359854221344,34770.0,34770.0,0.40145567059516907,0.8975617289543152,0.8975617289543152,304654.0,304654.0,0.0,0.9950242042541504,0.972337543964386,0.1783716231584549,4024.0,4024.0,0.2917693853378296,0.972337543964386,0.972337543964386,141444.0,141444.0
13,0.0,0.9552337527275085,0.8971522450447083,0.28876352310180664,34909.0,34909.0,0.40206271409988403,0.8971522450447083,0.8971522450447083,304515.0,304515.0,0.0,0.9949816465377808,0.972337543964386,0.17759817838668823,4024.0,4024.0,0.2915252149105072,0.972337543964386,0.972337543964386,141444.0,141444.0
14,0.0,0.9550959467887878,0.8975175619125366,0.28909993171691895,34785.0,34785.0,0.4026062786579132,0.8975175619125366,0.8975175619125366,304639.0,304639.0,0.0,0.9949549436569214,0.972337543964386,0.17794109880924225,4024.0,4024.0,0.29163241386413574,0.972337543964386,0.972337543964386,141444.0,141444.0
15,0.0,0.9556190371513367,0.8982069492340088,0.2876703143119812,34551.0,34551.0,0.40109705924987793,0.8982069492340088,0.8982069492340088,304873.0,304873.0,0.0,0.9949550032615662,0.972337543964386,0.1779557764530182,4024.0,4024.0,0.29163387417793274,0.972337543964386,0.972337543964386,141444.0,141444.0
16,1.4730837847309886e-06,0.9561420679092407,0.8982158303260803,0.2868700921535492,34548.0,34548.0,0.40029528737068176,0.8982158303260803,0.8982158303260803,304876.0,304876.0,0.0,0.9949550032615662,0.972337543964386,0.17795154452323914,4024.0,4024.0,0.291631817817688,0.972337543964386,0.972337543964386,141444.0,141444.0
17,0.0,0.9558225870132446,0.8985221982002258,0.2873574495315552,34444.0,34444.0,0.400784432888031,0.8985221982002258,0.8985221982002258,304980.0,304980.0,0.0,0.99495530128479,0.972337543964386,0.17794948816299438,4024.0,4024.0,0.29163143038749695,0.972337543964386,0.972337543964386,141444.0,141444.0
18,1.4730837847309886e-06,0.9553082585334778,0.8979035019874573,0.28840211033821106,34654.0,34654.0,0.40182825922966003,0.8979035019874573,0.8979035019874573,304770.0,304770.0,0.0,0.99495530128479,0.972337543964386,0.17794953286647797,4024.0,4024.0,0.29163143038749695,0.972337543964386,0.972337543964386,141444.0,141444.0
19,0.0,0.9556282758712769,0.8974940180778503,0.2874951958656311,34793.0,34793.0,0.40092048048973083,0.8974940180778503,0.8974940180778503,304631.0,304631.0,0.0,0.99495530128479,0.972337543964386,0.17794953286647797,4024.0,4024.0,0.29163143038749695,0.972337543964386,0.972337543964386,141444.0,141444.0
20,0.0,0.9553653001785278,0.8982275724411011,0.2881166934967041,34544.0,34544.0,0.4015408754348755,0.8982275724411011,0.8982275724411011,304880.0,304880.0,0.0,0.99495530128479,0.972337543964386,0.17794953286647797,4024.0,4024.0,0.29163143038749695,0.972337543964386,0.972337543964386,141444.0,141444.0
21,0.0,0.9558244943618774,0.8988462686538696,0.28719425201416016,34334.0,34334.0,0.4006211757659912,0.8988462686538696,0.8988462686538696,305090.0,305090.0,0.0,0.99495530128479,0.972337543964386,0.17794953286647797,4024.0,4024.0,0.29163143038749695,0.972337543964386,0.972337543964386,141444.0,141444.0
22,0.0,0.9552536606788635,0.8977944850921631,0.28849953413009644,34691.0,34691.0,0.40192344784736633,0.8977944850921631,0.8977944850921631,304733.0,304733.0,0.0,0.99495530128479,0.972337543964386,0.17794953286647797,4024.0,4024.0,0.29163143038749695,0.972337543964386,0.972337543964386,141444.0,141444.0
23,2.946167569461977e-06,0.9552987217903137,0.8979653716087341,0.28851082921028137,34633.0,34633.0,0.4019339978694916,0.8979653716087341,0.8979653716087341,304791.0,304791.0,0.0,0.99495530128479,0.972337543964386,0.17794953286647797,4024.0,4024.0,0.29163143038749695,0.972337543964386,0.972337543964386,141444.0,141444.0
24,0.0,0.955810546875,0.8983277678489685,0.2868921458721161,34510.0,34510.0,0.4003188908100128,0.8983277678489685,0.8983277678489685,304914.0,304914.0,0.0,0.99495530128479,0.972337543964386,0.17794953286647797,4024.0,4024.0,0.29163143038749695,0.972337543964386,0.972337543964386,141444.0,141444.0
25,0.0,0.955539345741272,0.8982216715812683,0.28777438402175903,34546.0,34546.0,0.401198148727417,0.8982216715812683,0.8982216715812683,304878.0,304878.0,0.0,0.99495530128479,0.972337543964386,0.17794953286647797,4024.0,4024.0,0.29163143038749695,0.972337543964386,0.972337543964386,141444.0,141444.0
26,0.0,0.9551538228988647,0.8971816897392273,0.28861045837402344,34899.0,34899.0,0.40203651785850525,0.8971816897392273,0.8971816897392273,304525.0,304525.0,0.0,0.99495530128479,0.972337543964386,0.17794953286647797,4024.0,4024.0,0.29163143038749695,0.972337543964386,0.972337543964386,141444.0,141444.0
27,0.0,0.9556745886802673,0.8983660340309143,0.2878302335739136,34497.0,34497.0,0.40125522017478943,0.8983660340309143,0.8983660340309143,304927.0,304927.0,0.0,0.99495530128479,0.972337543964386,0.17794953286647797,4024.0,4024.0,0.29163143038749695,0.972337543964386,0.972337543964386,141444.0,141444.0
28,0.0,0.9559539556503296,0.8983719348907471,0.2869575619697571,34495.0,34495.0,0.4003876745700836,0.8983719348907471,0.8983719348907471,304929.0,304929.0,0.0,0.99495530128479,0.972337543964386,0.17794953286647797,4024.0,4024.0,0.29163143038749695,0.972337543964386,0.972337543964386,141444.0,141444.0
29,2.946167569461977e-06,0.9547419548034668,0.8975470066070557,0.289603590965271,34775.0,34775.0,0.4030264914035797,0.8975470066070557,0.8975470066070557,304649.0,304649.0,0.0,0.99495530128479,0.972337543964386,0.17794953286647797,4024.0,4024.0,0.29163143038749695,0.972337543964386,0.972337543964386,141444.0,141444.0
30,2.946167569461977e-06,0.955524742603302,0.8980625867843628,0.2877587378025055,34600.0,34600.0,0.40118253231048584,0.8980625867843628,0.8980625867843628,304824.0,304824.0,0.0,0.99495530128479,0.972337543964386,0.17794953286647797,4024.0,4024.0,0.29163143038749695,0.972337543964386,0.972337543964386,141444.0,141444.0
31,1.4730837847309886e-06,0.955639660358429,0.8978357315063477,0.28810879588127136,34677.0,34677.0,0.40153437852859497,0.8978357315063477,0.8978357315063477,304747.0,304747.0,0.0,0.99495530128479,0.972337543964386,0.17794953286647797,4024.0,4024.0,0.29163143038749695,0.972337543964386,0.972337543964386,141444.0,141444.0
32,0.0,0.9551935195922852,0.8978563547134399,0.2883870303630829,34670.0,34670.0,0.40181100368499756,0.8978563547134399,0.8978563547134399,304754.0,304754.0,0.0,0.99495530128479,0.972337543964386,0.17794953286647797,4024.0,4024.0,0.29163143038749695,0.972337543964386,0.972337543964386,141444.0,141444.0
33,1.4730837847309886e-06,0.9554780125617981,0.8974881172180176,0.28829091787338257,34795.0,34795.0,0.40171268582344055,0.8974881172180176,0.8974881172180176,304629.0,304629.0,0.0,0.99495530128479,0.972337543964386,0.17794953286647797,4024.0,4024.0,0.29163143038749695,0.972337543964386,0.972337543964386,141444.0,141444.0
34,0.0,0.9549184441566467,0.8973437547683716,0.2889629602432251,34844.0,34844.0,0.4023919403553009,0.8973437547683716,0.8973437547683716,304580.0,304580.0,0.0,0.99495530128479,0.972337543964386,0.17794953286647797,4024.0,4024.0,0.29163143038749695,0.972337543964386,0.972337543964386,141444.0,141444.0
35,0.0,0.955775797367096,0.8987667560577393,0.28746840357780457,34361.0,34361.0,0.40089666843414307,0.8987667560577393,0.8987667560577393,305063.0,305063.0,0.0,0.99495530128479,0.972337543964386,0.17794953286647797,4024.0,4024.0,0.29163143038749695,0.972337543964386,0.972337543964386,141444.0,141444.0
36,1.4730837847309886e-06,0.9557084441184998,0.8980743885040283,0.2874853014945984,34596.0,34596.0,0.4009132981300354,0.8980743885040283,0.8980743885040283,304828.0,304828.0,0.0,0.99495530128479,0.972337543964386,0.17794953286647797,4024.0,4024.0,0.29163143038749695,0.972337543964386,0.972337543964386,141444.0,141444.0
37,0.0,0.9556006193161011,0.898457407951355,0.287729412317276,34466.0,34466.0,0.4011569917201996,0.898457407951355,0.898457407951355,304958.0,304958.0,0.0,0.99495530128479,0.972337543964386,0.17794953286647797,4024.0,4024.0,0.29163143038749695,0.972337543964386,0.972337543964386,141444.0,141444.0
38,0.0,0.9552763104438782,0.8978917002677917,0.28795909881591797,34658.0,34658.0,0.4013805389404297,0.8978917002677917,0.8978917002677917,304766.0,304766.0,0.0,0.99495530128479,0.972337543964386,0.17794953286647797,4024.0,4024.0,0.29163143038749695,0.972337543964386,0.972337543964386,141444.0,141444.0
39,1.4730837847309886e-06,0.9552228450775146,0.8980066180229187,0.2881923317909241,34619.0,34619.0,0.4016181230545044,0.8980066180229187,0.8980066180229187,304805.0,304805.0,0.0,0.99495530128479,0.972337543964386,0.17794953286647797,4024.0,4024.0,0.29163143038749695,0.972337543964386,0.972337543964386,141444.0,141444.0
