epoch,acc,auc,binary_accuracy,binary_crossentropy,fn,fp,loss,precision,recall,tn,tp,val_acc,val_auc,val_binary_accuracy,val_binary_crossentropy,val_fn,val_fp,val_loss,val_precision,val_recall,val_tn,val_tp
0,0.009968358092010021,0.9751079082489014,0.9203945398330688,0.20510931313037872,26950.0,27090.0,0.36994126439094543,0.920221209526062,0.9206007719039917,312334.0,312474.0,0.0,0.9925621151924133,0.9670374393463135,0.10872559249401093,4795.0,4795.0,0.29950645565986633,0.9670374393463135,0.9670374393463135,140673.0,140673.0
1,0.01451134867966175,0.9800026416778564,0.9320201277732849,0.18180042505264282,23074.0,23074.0,0.3195512294769287,0.9320201277732849,0.9320201277732849,316350.0,316350.0,0.0,0.9965744018554688,0.9714164137840271,0.07412148267030716,4158.0,4158.0,0.17491735517978668,0.9714164137840271,0.9714164137840271,141310.0,141310.0
2,0.012099910527467728,0.98096764087677,0.9337731003761292,0.17721591889858246,22479.0,22479.0,0.30486220121383667,0.9337731003761292,0.9337731003761292,316945.0,316945.0,0.0,0.9957037568092346,0.9693609476089478,0.08291855454444885,4457.0,4457.0,0.21952378749847412,0.9693609476089478,0.9693609476089478,141011.0,141011.0
3,0.011441442184150219,0.982062816619873,0.9352697730064392,0.17095361649990082,21971.0,21971.0,0.29360559582710266,0.9352697730064392,0.9352697730064392,317453.0,317453.0,0.0,0.9941980242729187,0.9721313118934631,0.10570076107978821,4054.0,4054.0,0.27671200037002563,0.9721313118934631,0.9721313118934631,141414.0,141414.0
4,0.011276456527411938,0.9819513559341431,0.9362272620201111,0.17216183245182037,21646.0,21646.0,0.2964825928211212,0.9362272620201111,0.9362272620201111,317778.0,317778.0,0.0,0.994404137134552,0.9474179744720459,0.09986056387424469,7649.0,7649.0,0.18172523379325867,0.9474179744720459,0.9474179744720459,137819.0,137819.0
5,0.012762797996401787,0.9824131727218628,0.9370551109313965,0.1698242574930191,21365.0,21365.0,0.2909487187862396,0.9370551109313965,0.9370551109313965,318059.0,318059.0,0.0,0.996013879776001,0.9716295003890991,0.07600667327642441,4127.0,4127.0,0.1813453733921051,0.9716295003890991,0.9716295003890991,141341.0,141341.0
6,0.013505232520401478,0.9831055998802185,0.9372760653495789,0.1661725491285324,21290.0,21290.0,0.28338780999183655,0.9372760653495789,0.9372760653495789,318134.0,318134.0,0.0,0.9960958361625671,0.9685704112052917,0.07781172543764114,4572.0,4572.0,0.17942512035369873,0.9685704112052917,0.9685704112052917,140896.0,140896.0
7,0.013119284063577652,0.9826939105987549,0.9374410510063171,0.16887058317661285,21234.0,21234.0,0.29091423749923706,0.9374410510063171,0.9374410510063171,318190.0,318190.0,0.0,0.9960573315620422,0.9718219637870789,0.0775383710861206,4099.0,4099.0,0.2009057253599167,0.9718219637870789,0.9718219637870789,141369.0,141369.0
8,0.013876449316740036,0.9837925434112549,0.9389554262161255,0.1629905253648758,20720.0,20720.0,0.2789870798587799,0.9389554262161255,0.9389554262161255,318704.0,318704.0,0.0,0.9955217242240906,0.9737467765808105,0.08341574668884277,3819.0,3819.0,0.19199295341968536,0.9737467765808105,0.9737467765808105,141649.0,141649.0
9,0.012870333157479763,0.983819305896759,0.9391645789146423,0.16228322684764862,20649.0,20649.0,0.2776243984699249,0.9391645789146423,0.9391645789146423,318775.0,318775.0,0.0,0.9958295226097107,0.9727087616920471,0.07536085695028305,3970.0,3970.0,0.19252105057239532,0.9727087616920471,0.9727087616920471,141498.0,141498.0
10,0.014253558591008186,0.983561635017395,0.9385665059089661,0.16423624753952026,20852.0,20852.0,0.28120484948158264,0.9385665059089661,0.9385665059089661,318572.0,318572.0,0.0,0.9958176016807556,0.9722138047218323,0.07828929275274277,4042.0,4042.0,0.22042562067508698,0.9722138047218323,0.9722138047218323,141426.0,141426.0
11,0.01145469956099987,0.9835549592971802,0.9388139843940735,0.16354478895664215,20768.0,20768.0,0.2777743637561798,0.9388139843940735,0.9388139843940735,318656.0,318656.0,0.0,0.9968109726905823,0.9728943705558777,0.07493262737989426,3943.0,3943.0,0.2361781746149063,0.9728943705558777,0.9728943705558777,141525.0,141525.0
12,0.012015944346785545,0.9839171171188354,0.9399335384368896,0.1616087406873703,20388.0,20388.0,0.27580055594444275,0.9399335384368896,0.9399335384368896,319036.0,319036.0,0.0,0.9965349435806274,0.973348081111908,0.07541035115718842,3877.0,3877.0,0.19639278948307037,0.973348081111908,0.973348081111908,141591.0,141591.0
13,0.013550898060202599,0.9842085838317871,0.9401869177818298,0.16016815602779388,20302.0,20302.0,0.2737356722354889,0.9401869177818298,0.9401869177818298,319122.0,319122.0,0.0,0.9964723587036133,0.9724888205528259,0.07133922725915909,4002.0,4002.0,0.17341820895671844,0.9724888205528259,0.9724888205528259,141466.0,141466.0
14,0.012014471925795078,0.9838847517967224,0.9394916296005249,0.16185761988162994,20538.0,20538.0,0.27754151821136475,0.9394916296005249,0.9394916296005249,318886.0,318886.0,0.0,0.9958075284957886,0.9744755029678345,0.07968436926603317,3713.0,3713.0,0.1848652958869934,0.9744755029678345,0.9744755029678345,141755.0,141755.0
15,0.012699455954134464,0.9845802783966064,0.9412504434585571,0.15791791677474976,19941.0,19941.0,0.268990695476532,0.9412504434585571,0.9412504434585571,319483.0,319483.0,0.0,0.9941604733467102,0.9470467567443848,0.10076894611120224,7703.0,7703.0,0.20041817426681519,0.9470467567443848,0.9470467567443848,137765.0,137765.0
16,0.014369932934641838,0.9838990569114685,0.9395888447761536,0.16221117973327637,20505.0,20505.0,0.28042587637901306,0.9395888447761536,0.9395888447761536,318919.0,318919.0,0.0,0.9964467287063599,0.9726468920707703,0.0762409195303917,3979.0,3979.0,0.15984590351581573,0.9726468920707703,0.9726468920707703,141489.0,141489.0
17,0.011964386329054832,0.9843343496322632,0.9407967329025269,0.1593170166015625,20095.0,20095.0,0.2710520327091217,0.9407967329025269,0.9407967329025269,319329.0,319329.0,0.0,0.9958163499832153,0.9747710824012756,0.07824258506298065,3670.0,3670.0,0.2049616575241089,0.9747710824012756,0.9747710824012756,141798.0,141798.0
18,0.013409482315182686,0.9849535822868347,0.94203120470047,0.15593725442886353,19676.0,19676.0,0.26722246408462524,0.94203120470047,0.94203120470047,319748.0,319748.0,0.0,0.9943638443946838,0.9741936326026917,0.08977503329515457,3754.0,3754.0,0.22292101383209229,0.9741936326026917,0.9741936326026917,141714.0,141714.0
19,0.013251861557364464,0.9846459627151489,0.942057728767395,0.1576848179101944,19667.0,19667.0,0.27126574516296387,0.942057728767395,0.942057728767395,319757.0,319757.0,0.0,0.9950732588768005,0.947074294090271,0.08257905393838882,7699.0,7699.0,0.17575719952583313,0.947074294090271,0.947074294090271,137769.0,137769.0
20,0.012175037525594234,0.9853996634483337,0.9433746337890625,0.15358640253543854,19220.0,19220.0,0.2641390860080719,0.9433746337890625,0.9433746337890625,320204.0,320204.0,0.0,0.9968610405921936,0.9754997491836548,0.07159598916769028,3564.0,3564.0,0.16610053181648254,0.9754997491836548,0.9754997491836548,141904.0,141904.0
21,0.01373208686709404,0.9850569367408752,0.9421637654304504,0.15525121986865997,19631.0,19631.0,0.26786693930625916,0.9421637654304504,0.9421637654304504,319793.0,319793.0,0.0,0.9951025247573853,0.9477136135101318,0.08264097571372986,7606.0,7606.0,0.17750225961208344,0.9477136135101318,0.9477136135101318,137862.0,137862.0
22,0.016024205833673477,0.9843699336051941,0.9412003755569458,0.15898022055625916,19958.0,19958.0,0.27407804131507874,0.9412003755569458,0.9412003755569458,319466.0,319466.0,0.0,0.9961038827896118,0.9656282067298889,0.07521551102399826,5000.0,5000.0,0.18875537812709808,0.9656282067298889,0.9656282067298889,140468.0,140468.0
23,0.014729364775121212,0.9851953983306885,0.9426410794258118,0.1546785682439804,19469.0,19469.0,0.2704806923866272,0.9426410794258118,0.9426410794258118,319955.0,319955.0,0.0,0.9969175457954407,0.9729631543159485,0.08050484955310822,3933.0,3933.0,0.19269444048404694,0.9729631543159485,0.9729631543159485,141535.0,141535.0
24,0.01244608499109745,0.9848824739456177,0.9423376321792603,0.15643012523651123,19572.0,19572.0,0.26819029450416565,0.9423376321792603,0.9423376321792603,319852.0,319852.0,0.0,0.9946221709251404,0.948731005191803,0.085103839635849,7458.0,7458.0,0.2410656362771988,0.948731005191803,0.948731005191803,138010.0,138010.0
25,0.017243919894099236,0.9846568703651428,0.9415127038955688,0.15779471397399902,19852.0,19852.0,0.2759213149547577,0.9415127038955688,0.9415127038955688,319572.0,319572.0,0.0,0.9936531186103821,0.947431743144989,0.10611193627119064,7647.0,7647.0,0.1840837299823761,0.947431743144989,0.947431743144989,137821.0,137821.0
26,0.013995769433677197,0.985569179058075,0.9434070587158203,0.15234701335430145,19209.0,19209.0,0.26082977652549744,0.9434070587158203,0.9434070587158203,320215.0,320215.0,0.0,0.9965465068817139,0.975307285785675,0.07244835048913956,3592.0,3592.0,0.172285795211792,0.975307285785675,0.975307285785675,141876.0,141876.0
27,0.014579110778868198,0.9854235053062439,0.9425939321517944,0.1533893346786499,19485.0,19485.0,0.26515716314315796,0.9425939321517944,0.9425939321517944,319939.0,319939.0,0.0,0.9966475963592529,0.9752247929573059,0.07026464492082596,3604.0,3604.0,0.186541348695755,0.9752247929573059,0.9752247929573059,141864.0,141864.0
28,0.01873173378407955,0.9847108125686646,0.9419722557067871,0.15824858844280243,19696.0,19696.0,0.2807880640029907,0.9419722557067871,0.9419722557067871,319728.0,319728.0,0.0,0.9969035983085632,0.9733824729919434,0.06797892600297928,3872.0,3872.0,0.15993307530879974,0.9733824729919434,0.9733824729919434,141596.0,141596.0
29,0.01211758702993393,0.984869658946991,0.942635178565979,0.15595580637454987,19471.0,19471.0,0.266698956489563,0.942635178565979,0.942635178565979,319953.0,319953.0,0.0,0.9970735311508179,0.9731075167655945,0.06762225180864334,3912.0,3912.0,0.16155526041984558,0.9731075167655945,0.9731075167655945,141556.0,141556.0
30,0.013575940392911434,0.9853628873825073,0.9430211186408997,0.15362048149108887,19340.0,19340.0,0.26343345642089844,0.9430211186408997,0.9430211186408997,320084.0,320084.0,0.0,0.9965856671333313,0.9758985042572021,0.0707738846540451,3506.0,3506.0,0.17056187987327576,0.9758985042572021,0.9758985042572021,141962.0,141962.0
31,0.016801994293928146,0.9850218892097473,0.9423729777336121,0.15573540329933167,19560.0,19560.0,0.2714594304561615,0.9423729777336121,0.9423729777336121,319864.0,319864.0,0.0,0.9959762096405029,0.9742623567581177,0.07672588527202606,3744.0,3744.0,0.22289632260799408,0.9742623567581177,0.9742623567581177,141724.0,141724.0
32,0.013758602552115917,0.9857160449028015,0.9443262815475464,0.15184351801872253,18897.0,18897.0,0.26278287172317505,0.9443262815475464,0.9443262815475464,320527.0,320527.0,0.0,0.99699467420578,0.9751973152160645,0.07239207625389099,3608.0,3608.0,0.17322120070457458,0.9751973152160645,0.9751973152160645,141860.0,141860.0
33,0.013818998821079731,0.9860228300094604,0.9448654055595398,0.14969013631343842,18714.0,18714.0,0.2571018636226654,0.9448654055595398,0.9448654055595398,320710.0,320710.0,0.0,0.9965931177139282,0.9752798080444336,0.07211261987686157,3596.0,3596.0,0.17651091516017914,0.9752798080444336,0.9752798080444336,141872.0,141872.0
34,0.01620539464056492,0.9852747321128845,0.9427913427352905,0.1544288992881775,19418.0,19418.0,0.2673836052417755,0.9427913427352905,0.9427913427352905,320006.0,320006.0,0.0,0.9949401617050171,0.9587125778198242,0.08419482409954071,6006.0,6006.0,0.2245427519083023,0.9587125778198242,0.9587125778198242,139462.0,139462.0
35,0.014399394392967224,0.9854784607887268,0.943648636341095,0.15325820446014404,19127.0,19127.0,0.2642137408256531,0.943648636341095,0.943648636341095,320297.0,320297.0,0.0,0.9955677390098572,0.9756647348403931,0.08893667906522751,3540.0,3540.0,0.20461329817771912,0.9756647348403931,0.9756647348403931,141928.0,141928.0
36,0.014903188683092594,0.9856091141700745,0.9431802034378052,0.152169868350029,19286.0,19286.0,0.2644660770893097,0.9431802034378052,0.9431802034378052,320138.0,320138.0,0.0,0.9925171732902527,0.9747298359870911,0.07990732789039612,3676.0,3676.0,0.19056402146816254,0.9747298359870911,0.9747298359870911,141792.0,141792.0
37,0.014359621331095695,0.9856727123260498,0.9438431262969971,0.1517370492219925,19061.0,19061.0,0.26232969760894775,0.9438431262969971,0.9438431262969971,320363.0,320363.0,0.0,0.9965561628341675,0.9728394150733948,0.07046707719564438,3951.0,3951.0,0.17276327311992645,0.9728394150733948,0.9728394150733948,141517.0,141517.0
38,0.01409741211682558,0.9852723479270935,0.9435248970985413,0.1540742963552475,19169.0,19169.0,0.26638373732566833,0.9435248970985413,0.9435248970985413,320255.0,320255.0,0.0,0.9948256015777588,0.9696909189224243,0.08154741674661636,4409.0,4409.0,0.2554079592227936,0.9696909189224243,0.9696909189224243,141059.0,141059.0
39,0.01439202856272459,0.9855315089225769,0.9440110325813293,0.15239180624485016,19004.0,19004.0,0.26613062620162964,0.9440110325813293,0.9440110325813293,320420.0,320420.0,0.0,0.9968507289886475,0.9735817909240723,0.06922609359025955,3843.0,3843.0,0.17104355990886688,0.9735817909240723,0.9735817909240723,141625.0,141625.0
