epoch,acc,auc,binary_accuracy,binary_crossentropy,fn,fp,loss,precision,recall,tn,tp,val_acc,val_auc,val_binary_accuracy,val_binary_crossentropy,val_fn,val_fp,val_loss,val_precision,val_recall,val_tn,val_tp
0,0.0,0.9795301556587219,0.924021303653717,0.18275515735149384,25789.0,25789.0,0.3229106068611145,0.924021303653717,0.924021303653717,313635.0,313635.0,0.0,0.9943077564239502,0.9602455496788025,0.12395206093788147,5783.0,5783.0,0.19141440093517303,0.9602455496788025,0.9602455496788025,139685.0,139685.0
1,0.0,0.9847292900085449,0.9355230927467346,0.15776477754116058,21885.0,21885.0,0.23239409923553467,0.9355230927467346,0.9355230927467346,317539.0,317539.0,0.0,0.9520148038864136,0.9251794219017029,0.2918664515018463,10884.0,10884.0,0.3664104640483856,0.9251794219017029,0.9251794219017029,134584.0,134584.0
2,0.0,0.9862022995948792,0.9388169646263123,0.1495329886674881,20767.0,20767.0,0.22278447449207306,0.9388169646263123,0.9388169646263123,318657.0,318657.0,0.0,0.9942525029182434,0.9533987045288086,0.10108201950788498,6779.0,6779.0,0.15825529396533966,0.9533987045288086,0.9533987045288086,138689.0,138689.0
3,0.0,0.9866831302642822,0.9406700730323792,0.14624208211898804,20138.0,20138.0,0.21599158644676208,0.9406700730323792,0.9406700730323792,319286.0,319286.0,0.0,0.9929386973381042,0.9688729047775269,0.11955816298723221,4528.0,4528.0,0.17261870205402374,0.9688729047775269,0.9688729047775269,140940.0,140940.0
4,0.0,0.9866341352462769,0.9406818747520447,0.14667381346225739,20134.0,20134.0,0.22689521312713623,0.9406818747520447,0.9406818747520447,319290.0,319290.0,0.0,0.8632401823997498,0.655972421169281,0.5232396125793457,50045.0,50045.0,0.6456300616264343,0.655972421169281,0.655972421169281,95423.0,95423.0
5,0.0,0.9874585270881653,0.9417660236358643,0.14219526946544647,19766.0,19766.0,0.2081703543663025,0.9417660236358643,0.9417660236358643,319658.0,319658.0,0.0,0.9441545605659485,0.9301152229309082,0.2761659324169159,10166.0,10166.0,0.3162679374217987,0.9301152229309082,0.9301152229309082,135302.0,135302.0
6,0.0,0.9875372648239136,0.9426852464675903,0.14178866147994995,19454.0,19454.0,0.21210724115371704,0.9426852464675903,0.9426852464675903,319970.0,319970.0,0.0,0.9698632955551147,0.9387562870979309,0.20029138028621674,8909.0,8909.0,0.25010913610458374,0.9387562870979309,0.9387562870979309,136559.0,136559.0
7,0.0,0.9877493977546692,0.9426174759864807,0.1404927372932434,19477.0,19477.0,0.206945538520813,0.9426174759864807,0.9426174759864807,319947.0,319947.0,0.0,0.9937407374382019,0.9509445428848267,0.09505584090948105,7136.0,7136.0,0.183740496635437,0.9509445428848267,0.9509445428848267,138332.0,138332.0
8,0.0,0.9879347085952759,0.9430417418479919,0.139515683054924,19333.0,19333.0,0.2035425752401352,0.9430417418479919,0.9430417418479919,320091.0,320091.0,0.0,0.9770807027816772,0.8836238980293274,0.21131864190101624,16929.0,16929.0,0.2530960440635681,0.8836238980293274,0.8836238980293274,128539.0,128539.0
9,0.0,0.9878810048103333,0.9437635540962219,0.1393127143383026,19088.0,19088.0,0.2036198228597641,0.9437635540962219,0.9437635540962219,320336.0,320336.0,0.0,0.9935237765312195,0.9473354816436768,0.11647216230630875,7661.0,7661.0,0.1972699761390686,0.9473354816436768,0.9473354816436768,137807.0,137807.0
10,0.0,0.9881130456924438,0.9434188604354858,0.13838663697242737,19205.0,19205.0,0.2046053558588028,0.9434188604354858,0.9434188604354858,320219.0,320219.0,0.0,0.9958937168121338,0.9676011204719543,0.1095697209239006,4713.0,4713.0,0.15776494145393372,0.9676011204719543,0.9676011204719543,140755.0,140755.0
11,0.0,0.9884118437767029,0.9439579844474792,0.13677474856376648,19022.0,19022.0,0.20374123752117157,0.9439579844474792,0.9439579844474792,320402.0,320402.0,0.0,0.979213535785675,0.940138041973114,0.17585192620754242,8708.0,8708.0,0.22880154848098755,0.940138041973114,0.940138041973114,136760.0,136760.0
12,0.0,0.9885580539703369,0.9449832439422607,0.1358717828989029,18674.0,18674.0,0.19787529110908508,0.9449832439422607,0.9449832439422607,320750.0,320750.0,0.0,0.9200860857963562,0.9055256247520447,0.39329296350479126,13743.0,13743.0,0.4421082139015198,0.9055256247520447,0.9055256247520447,131725.0,131725.0
13,0.0,0.9887288212776184,0.9450068473815918,0.1343904435634613,18666.0,18666.0,0.19577445089817047,0.9450068473815918,0.9450068473815918,320758.0,320758.0,0.0,0.9935075640678406,0.9457406401634216,0.12935078144073486,7893.0,7893.0,0.20408901572227478,0.9457406401634216,0.9457406401634216,137575.0,137575.0
14,0.0,0.9887901544570923,0.9453338384628296,0.13423331081867218,18555.0,18555.0,0.19689291715621948,0.9453338384628296,0.9453338384628296,320869.0,320869.0,0.0,0.9895569086074829,0.940715491771698,0.14508934319019318,8624.0,8624.0,0.20905134081840515,0.940715491771698,0.940715491771698,136844.0,136844.0
15,0.0,0.9889441728591919,0.9457699060440063,0.13338370621204376,18407.0,18407.0,0.19997043907642365,0.9457699060440063,0.9457699060440063,321017.0,321017.0,0.0,0.9172563552856445,0.9185662865638733,0.4287586212158203,11846.0,11846.0,0.5301966071128845,0.9185662865638733,0.9185662865638733,133622.0,133622.0
16,0.0,0.9890214204788208,0.9464239478111267,0.13252010941505432,18185.0,18185.0,0.19543702900409698,0.9464239478111267,0.9464239478111267,321239.0,321239.0,0.0,0.9946436882019043,0.9550416469573975,0.09307727962732315,6540.0,6540.0,0.16203522682189941,0.9550416469573975,0.9550416469573975,138928.0,138928.0
17,0.0,0.9889966249465942,0.9460321068763733,0.13339148461818695,18318.0,18318.0,0.19760096073150635,0.9460321068763733,0.9460321068763733,321106.0,321106.0,0.0,0.9720532298088074,0.9434583783149719,0.18326236307621002,8225.0,8225.0,0.26141148805618286,0.9434583783149719,0.9434583783149719,137243.0,137243.0
18,0.0,0.9879903793334961,0.9445236921310425,0.13848157227039337,18830.0,18830.0,0.22092893719673157,0.9445236921310425,0.9445236921310425,320594.0,320594.0,0.0,0.5751531720161438,0.36469876766204834,0.9697569608688354,92416.0,92416.0,1.0387380123138428,0.36469876766204834,0.36469876766204834,53052.0,53052.0
19,0.0,0.9891910552978516,0.9468953013420105,0.13140051066875458,18025.0,18025.0,0.19952374696731567,0.9468953013420105,0.9468953013420105,321399.0,321399.0,0.0,0.995598316192627,0.967278003692627,0.08933866769075394,4760.0,4760.0,0.15403923392295837,0.967278003692627,0.967278003692627,140708.0,140708.0
20,0.0,0.989292323589325,0.9474639296531677,0.13086581230163574,17832.0,17832.0,0.18910285830497742,0.9474639296531677,0.9474639296531677,321592.0,321592.0,0.0,0.9761122465133667,0.9043638706207275,0.22412008047103882,13912.0,13912.0,0.3056844174861908,0.9043638706207275,0.9043638706207275,131556.0,131556.0
21,0.0,0.9894940853118896,0.947947084903717,0.129435196518898,17668.0,17668.0,0.18958811461925507,0.947947084903717,0.947947084903717,321756.0,321756.0,0.0,0.9840087294578552,0.9406123757362366,0.15745991468429565,8639.0,8639.0,0.23398064076900482,0.9406123757362366,0.9406123757362366,136829.0,136829.0
22,0.0,0.9891534447669983,0.9474315047264099,0.1315910667181015,17843.0,17843.0,0.1985740065574646,0.9474315047264099,0.9474315047264099,321581.0,321581.0,0.0,0.9715310335159302,0.9391481280326843,0.19153237342834473,8852.0,8852.0,0.24194520711898804,0.9391481280326843,0.9391481280326843,136616.0,136616.0
23,0.0,0.9892112612724304,0.9473726153373718,0.13096924126148224,17863.0,17863.0,0.1981632560491562,0.9473726153373718,0.9473726153373718,321561.0,321561.0,0.0,0.9933322072029114,0.9464280605316162,0.10212520509958267,7793.0,7793.0,0.15778575837612152,0.9464280605316162,0.9464280605316162,137675.0,137675.0
24,0.0,0.9896780848503113,0.9481062293052673,0.12866397202014923,17614.0,17614.0,0.19378362596035004,0.9481062293052673,0.9481062293052673,321810.0,321810.0,0.0,0.9933035373687744,0.9635795950889587,0.12335066497325897,5298.0,5298.0,0.1585887223482132,0.9635795950889587,0.9635795950889587,140170.0,140170.0
25,0.0,0.9896632432937622,0.948229968547821,0.128628671169281,17572.0,17572.0,0.1900237649679184,0.948229968547821,0.948229968547821,321852.0,321852.0,0.0,0.8840197920799255,0.8884221911430359,0.5820536613464355,16231.0,16231.0,0.6207064390182495,0.8884221911430359,0.8884221911430359,129237.0,129237.0
26,0.0,0.9894437193870544,0.9481179714202881,0.12971921265125275,17610.0,17610.0,0.19763582944869995,0.9481179714202881,0.9481179714202881,321814.0,321814.0,0.0,0.9959948062896729,0.96736741065979,0.10899529606103897,4747.0,4747.0,0.15941116213798523,0.96736741065979,0.96736741065979,140721.0,140721.0
27,0.0,0.989030659198761,0.9481975436210632,0.13125772774219513,17583.0,17583.0,0.19952358305454254,0.9481975436210632,0.9481975436210632,321841.0,321841.0,0.0,0.9745177030563354,0.9719594717025757,0.2766801118850708,4079.0,4079.0,0.6849567890167236,0.9719594717025757,0.9719594717025757,141389.0,141389.0
28,0.0,0.9889500737190247,0.9483153820037842,0.13192994892597198,17543.0,17543.0,0.2243100106716156,0.9483153820037842,0.9483153820037842,321881.0,321881.0,0.0,0.9719873666763306,0.89933180809021,0.2664255201816559,14644.0,14644.0,0.3547494411468506,0.89933180809021,0.89933180809021,130824.0,130824.0
29,0.0,0.9898704886436462,0.9494850039482117,0.12692135572433472,17146.0,17146.0,0.18519428372383118,0.9494850039482117,0.9494850039482117,322278.0,322278.0,0.0,0.992143988609314,0.9447575807571411,0.11386195570230484,8036.0,8036.0,0.16511382162570953,0.9447575807571411,0.9447575807571411,137432.0,137432.0
30,0.0,0.9898790121078491,0.9493494629859924,0.1269756704568863,17192.0,17192.0,0.18401078879833221,0.9493494629859924,0.9493494629859924,322232.0,322232.0,0.0,0.9853898286819458,0.9446544647216797,0.17561960220336914,8051.0,8051.0,0.24052219092845917,0.9446544647216797,0.9446544647216797,137417.0,137417.0
31,0.0,0.9899828433990479,0.9500035643577576,0.12575726211071014,16970.0,16970.0,0.1842077225446701,0.9500035643577576,0.9500035643577576,322454.0,322454.0,0.0,0.9935076832771301,0.9703440070152283,0.10378585010766983,4314.0,4314.0,0.1556902825832367,0.9703440070152283,0.9703440070152283,141154.0,141154.0
32,0.0,0.9898933172225952,0.9497678279876709,0.126704603433609,17050.0,17050.0,0.18832501769065857,0.9497678279876709,0.9497678279876709,322374.0,322374.0,0.0,0.992524266242981,0.948297917842865,0.12309358268976212,7521.0,7521.0,0.17909684777259827,0.948297917842865,0.948297917842865,137947.0,137947.0
33,0.0,0.9900190830230713,0.9497678279876709,0.12590181827545166,17050.0,17050.0,0.18731452524662018,0.9497678279876709,0.9497678279876709,322374.0,322374.0,0.0,0.9832853078842163,0.9429702758789062,0.18507052958011627,8296.0,8296.0,0.23102661967277527,0.9429702758789062,0.9429702758789062,137172.0,137172.0
34,0.0,0.9899469614028931,0.9506192803382874,0.1263783872127533,16761.0,16761.0,0.18732577562332153,0.9506192803382874,0.9506192803382874,322663.0,322663.0,0.0,0.9916114211082458,0.9466068148612976,0.1226247176527977,7767.0,7767.0,0.1928430199623108,0.9466068148612976,0.9466068148612976,137701.0,137701.0
35,0.0,0.9899560809135437,0.9508549571037292,0.1261003315448761,16681.0,16681.0,0.18568064272403717,0.9508549571037292,0.9508549571037292,322743.0,322743.0,0.0,0.9806941747665405,0.8797398805618286,0.23567336797714233,17494.0,17494.0,0.3249058425426483,0.8797398805618286,0.8797398805618286,127974.0,127974.0
36,0.0,0.9899104833602905,0.9501626491546631,0.12634330987930298,16916.0,16916.0,0.19462496042251587,0.9501626491546631,0.9501626491546631,322508.0,322508.0,0.0,0.9908205270767212,0.9452800750732422,0.1531631201505661,7960.0,7960.0,0.20783989131450653,0.9452800750732422,0.9452800750732422,137508.0,137508.0
37,0.0021094561088830233,0.9896423816680908,0.9489782452583313,0.1279507875442505,17318.0,17318.0,0.19134795665740967,0.9489782452583313,0.9489782452583313,322106.0,322106.0,0.0,0.9674428701400757,0.9366252422332764,0.2142781913280487,9219.0,9219.0,0.2586396634578705,0.9366252422332764,0.9366252422332764,136249.0,136249.0
38,0.0,0.9901984333992004,0.9506782293319702,0.12463658303022385,16741.0,16741.0,0.18074865639209747,0.9506782293319702,0.9506782293319702,322683.0,322683.0,0.0,0.9929682016372681,0.9459262490272522,0.10696209222078323,7866.0,7866.0,0.1556292176246643,0.9459262490272522,0.9459262490272522,137602.0,137602.0
39,0.0,0.9899935722351074,0.949994683265686,0.1261744350194931,16973.0,16973.0,0.18782304227352142,0.949994683265686,0.949994683265686,322451.0,322451.0,0.0,0.9813549518585205,0.9412035346031189,0.16848936676979065,8553.0,8553.0,0.23467136919498444,0.9412035346031189,0.9412035346031189,136915.0,136915.0
