epoch,acc,auc,binary_accuracy,binary_crossentropy,fn,fp,loss,precision,recall,tn,tp,val_acc,val_auc,val_binary_accuracy,val_binary_crossentropy,val_fn,val_fp,val_loss,val_precision,val_recall,val_tn,val_tp
0,2.3569340555695817e-05,0.8532808423042297,0.7824211120605469,0.48817822337150574,73265.0,74438.0,0.8301892280578613,0.781448483467102,0.7841490507125854,264986.0,266159.0,0.0,0.9878853559494019,0.9433208703994751,0.2730032801628113,10761.0,5729.0,0.6447173357009888,0.9592056274414062,0.9260249733924866,139739.0,134707.0
1,4.419251581566641e-06,0.8727037906646729,0.7949879765510559,0.46194136142730713,69512.0,69660.0,0.7365864515304565,0.7948594093322754,0.7952060103416443,269764.0,269912.0,0.0,0.9803208112716675,0.9480916857719421,0.368131160736084,4397.0,10705.0,0.6194590926170349,0.9294684529304504,0.9697734117507935,134763.0,141071.0
2,7.365419151028618e-06,0.8711732625961304,0.7936283349990845,0.465293824672699,70073.0,70022.0,0.7333431243896484,0.7936724424362183,0.7935531735420227,269402.0,269351.0,0.0,0.9818217158317566,0.9583448171615601,0.23172634840011597,6038.0,6081.0,0.5976272821426392,0.9582093358039856,0.9584925770759583,139387.0,139430.0
3,8.838503163133282e-06,0.8776586055755615,0.7975702881813049,0.4566936492919922,68564.0,68855.0,0.719611644744873,0.7973154187202454,0.7979989647865295,270569.0,270860.0,0.0,0.98581862449646,0.9566502571105957,0.30343541502952576,6324.0,6288.0,0.580794632434845,0.9567633271217346,0.956526517868042,139180.0,139144.0
4,8.838503163133282e-06,0.8786356449127197,0.7982670664787292,0.4538695514202118,68372.0,68574.0,0.716007649898529,0.7980896830558777,0.798564612865448,270850.0,271052.0,0.0,0.990119218826294,0.9637548923492432,0.30425119400024414,5260.0,5285.0,0.6233859062194824,0.9636752009391785,0.9638408422470093,140183.0,140208.0
5,4.419251581566641e-06,0.8867509961128235,0.8088600039482117,0.44289955496788025,64870.0,64885.0,0.707882285118103,0.8088463544845581,0.8088821172714233,274539.0,274554.0,0.0,0.9760345816612244,0.9575576782226562,0.2738647162914276,6169.0,6179.0,0.5770317912101746,0.9575262069702148,0.9575920701026917,139289.0,139299.0
6,2.946167569461977e-06,0.8724037408828735,0.7885668277740479,0.4620975852012634,71804.0,71727.0,0.7251179218292236,0.7886322736740112,0.7884534001350403,267697.0,267620.0,0.0,0.9852161407470703,0.9552960395812988,0.35514935851097107,5844.0,7162.0,0.5844137072563171,0.9512078762054443,0.9598262310028076,138306.0,139624.0
7,1.4730837847309886e-06,0.8806363940238953,0.8002969622612,0.4515816569328308,68106.0,67462.0,0.7183786630630493,0.8008677959442139,0.7993482947349548,271962.0,271318.0,0.0,0.8604195713996887,0.6366967558860779,0.5345791578292847,52849.0,52849.0,0.6943414807319641,0.6366967558860779,0.6366967558860779,92619.0,92619.0
8,1.4730837847309886e-06,0.8816860318183899,0.8040135502815247,0.4499613344669342,66575.0,66470.0,0.7154906392097473,0.804107666015625,0.8038588762283325,272954.0,272849.0,0.0,0.9892370700836182,0.958777904510498,0.3771798312664032,5481.0,6512.0,0.6284506916999817,0.9555491805076599,0.9623216390609741,138956.0,139987.0
9,1.4730837847309886e-06,0.9182150363922119,0.844829797744751,0.39509475231170654,52641.0,52696.0,0.5783487558364868,0.8447738885879517,0.8449108004570007,286728.0,286783.0,0.0,0.9896448850631714,0.9700140357017517,0.25416913628578186,4363.0,4361.0,0.49532264471054077,0.9700204730033875,0.9700071215629578,141107.0,141105.0
10,0.0,0.924298107624054,0.8487555384635925,0.3864641785621643,51336.0,51336.0,0.5661158561706543,0.8487555384635925,0.8487555384635925,288088.0,288088.0,0.0,0.9879461526870728,0.9624590873718262,0.31050193309783936,5461.0,5461.0,0.48540475964546204,0.9624590873718262,0.9624590873718262,140007.0,140007.0
11,0.0,0.9242618083953857,0.8476743102073669,0.38825517892837524,51703.0,51703.0,0.5668370127677917,0.8476743102073669,0.8476743102073669,287721.0,287721.0,0.0,0.9892754554748535,0.968522310256958,0.2887589633464813,4579.0,4579.0,0.4804583191871643,0.968522310256958,0.968522310256958,140889.0,140889.0
12,0.0,0.926476240158081,0.8553166389465332,0.3875543177127838,49109.0,49109.0,0.5659477114677429,0.8553166389465332,0.8553166389465332,290315.0,290315.0,0.0,0.9910900592803955,0.9698008894920349,0.29781320691108704,4393.0,4393.0,0.4783102571964264,0.9698008894920349,0.9698008894920349,141075.0,141075.0
13,0.0,0.926146924495697,0.8561710715293884,0.38651904463768005,48819.0,48819.0,0.5665460824966431,0.8561710715293884,0.8561710715293884,290605.0,290605.0,0.0,0.9906941652297974,0.9690378904342651,0.2860732078552246,4504.0,4504.0,0.4701158404350281,0.9690378904342651,0.9690378904342651,140964.0,140964.0
14,0.0,0.9260368943214417,0.8500282764434814,0.3866070806980133,50904.0,50904.0,0.5652323365211487,0.8500282764434814,0.8500282764434814,288520.0,288520.0,0.0,0.9850698113441467,0.9691753387451172,0.33087795972824097,4484.0,4484.0,0.49754610657691956,0.9691753387451172,0.9691753387451172,140984.0,140984.0
15,0.0,0.926626443862915,0.8558528423309326,0.38468632102012634,48927.0,48927.0,0.5634897947311401,0.8558528423309326,0.8558528423309326,290497.0,290497.0,0.0,0.9908679723739624,0.9698008894920349,0.3312714993953705,4393.0,4393.0,0.4730159640312195,0.9698008894920349,0.9698008894920349,141075.0,141075.0
16,0.0,0.9272425770759583,0.8555847406387329,0.3814416527748108,49018.0,49018.0,0.5606399774551392,0.8555847406387329,0.8555847406387329,290406.0,290406.0,0.0,0.9917430281639099,0.9661781191825867,0.3171710669994354,4920.0,4920.0,0.4792020916938782,0.9661781191825867,0.9661781191825867,140548.0,140548.0
17,0.0,0.9243177175521851,0.8513422608375549,0.3840412497520447,50458.0,50458.0,0.5639128088951111,0.8513422608375549,0.8513422608375549,288966.0,288966.0,0.0,0.985421359539032,0.9469642639160156,0.33291035890579224,7715.0,7715.0,0.4969952702522278,0.9469642639160156,0.9469642639160156,137753.0,137753.0
18,0.0,0.9282819032669067,0.8534576296806335,0.3827664256095886,49740.0,49740.0,0.5621269345283508,0.8534576296806335,0.8534576296806335,289684.0,289684.0,0.0,0.9919691681861877,0.969244122505188,0.293815940618515,4474.0,4474.0,0.46809816360473633,0.969244122505188,0.969244122505188,140994.0,140994.0
19,0.0,0.933972954750061,0.8601512908935547,0.37051308155059814,47468.0,47468.0,0.5270875692367554,0.8601512908935547,0.8601512908935547,291956.0,291956.0,0.0,0.9917336702346802,0.9691616296768188,0.2537069022655487,4486.0,4486.0,0.43274950981140137,0.9691616296768188,0.9691616296768188,140982.0,140982.0
20,0.0,0.9352421164512634,0.8650537133216858,0.36889615654945374,45804.0,45804.0,0.52561354637146,0.8650537133216858,0.8650537133216858,293620.0,293620.0,0.0,0.9882866144180298,0.9686597585678101,0.3460133671760559,4559.0,4559.0,0.4708426594734192,0.9686597585678101,0.9686597585678101,140909.0,140909.0
21,0.0,0.9468761086463928,0.8971522450447083,0.3629150390625,34909.0,34909.0,0.5245820879936218,0.8971522450447083,0.8971522450447083,304515.0,304515.0,0.0,0.9883290529251099,0.9681785702705383,0.3032292425632477,4629.0,4629.0,0.4494071304798126,0.9681785702705383,0.9681785702705383,140839.0,140839.0
22,1.4730837847309886e-06,0.9489209651947021,0.902010440826416,0.3589327335357666,33260.0,33260.0,0.521602213382721,0.902010440826416,0.902010440826416,306164.0,306164.0,0.0,0.9928364157676697,0.9692647457122803,0.2821883261203766,4471.0,4471.0,0.4398231506347656,0.9692647457122803,0.9692647457122803,140997.0,140997.0
23,0.0,0.9484736323356628,0.9010176062583923,0.35943639278411865,33597.0,33597.0,0.5232998728752136,0.9010176062583923,0.9010176062583923,305827.0,305827.0,0.0,0.988862156867981,0.968377947807312,0.27385443449020386,4600.0,4600.0,0.4368491768836975,0.968377947807312,0.968377947807312,140868.0,140868.0
24,0.0,0.9492660760879517,0.9016540050506592,0.35779261589050293,33381.0,33381.0,0.5226983428001404,0.9016540050506592,0.9016540050506592,306043.0,306043.0,0.0,0.9859158992767334,0.9680204391479492,0.28237709403038025,4652.0,4652.0,0.4396083950996399,0.9680204391479492,0.9680204391479492,140816.0,140816.0
25,0.0,0.9405482411384583,0.872198224067688,0.365157812833786,43379.0,43379.0,0.5230790972709656,0.872198224067688,0.872198224067688,296045.0,296045.0,0.0,0.9904959201812744,0.970680832862854,0.29266417026519775,4265.0,4265.0,0.4465676546096802,0.970680832862854,0.970680832862854,141203.0,141203.0
26,0.0,0.9373722672462463,0.8633331656455994,0.36679261922836304,46388.0,46388.0,0.5242964625358582,0.8633331656455994,0.8633331656455994,293036.0,293036.0,0.0,0.9880334138870239,0.97074955701828,0.2607016861438751,4255.0,4255.0,0.42834389209747314,0.97074955701828,0.97074955701828,141213.0,141213.0
27,0.0,0.93352872133255,0.8630886673927307,0.3672214150428772,46471.0,46471.0,0.523878276348114,0.8630886673927307,0.8630886673927307,292953.0,292953.0,0.0,0.9907223582267761,0.9685291647911072,0.25819525122642517,4578.0,4578.0,0.43086081743240356,0.9685291647911072,0.9685291647911072,140890.0,140890.0
28,0.0,0.935112476348877,0.8630238175392151,0.36596518754959106,46493.0,46493.0,0.5232729315757751,0.8630238175392151,0.8630238175392151,292931.0,292931.0,0.0,0.9906069040298462,0.9686735272407532,0.3208388090133667,4557.0,4557.0,0.462240070104599,0.9686735272407532,0.9686735272407532,140911.0,140911.0
29,0.0,0.9383895993232727,0.8670070767402649,0.36043843626976013,45141.0,45141.0,0.5092873573303223,0.8670070767402649,0.8670070767402649,294283.0,294283.0,0.0,0.9910134673118591,0.97010338306427,0.27476710081100464,4349.0,4349.0,0.42904427647590637,0.97010338306427,0.97010338306427,141119.0,141119.0
30,0.0,0.9385175704956055,0.8669068813323975,0.360380619764328,45175.0,45175.0,0.5086060166358948,0.8669068813323975,0.8669068813323975,294249.0,294249.0,0.0,0.992499589920044,0.9706739783287048,0.3015495836734772,4266.0,4266.0,0.43916282057762146,0.9706739783287048,0.9706739783287048,141202.0,141202.0
31,0.0,0.938255786895752,0.866918683052063,0.36046528816223145,45171.0,45171.0,0.5085911154747009,0.866918683052063,0.866918683052063,294253.0,294253.0,0.0,0.9911543130874634,0.9710314273834229,0.3251798152923584,4214.0,4214.0,0.45343783497810364,0.9710314273834229,0.9710314273834229,141254.0,141254.0
32,0.0,0.9389693737030029,0.8679822087287903,0.35952597856521606,44810.0,44810.0,0.5076731443405151,0.8679822087287903,0.8679822087287903,294614.0,294614.0,0.0,0.9914317727088928,0.9708664417266846,0.263163298368454,4238.0,4238.0,0.4246545732021332,0.9708664417266846,0.9708664417266846,141230.0,141230.0
33,0.0,0.9394496083259583,0.8692166805267334,0.3576711118221283,44391.0,44391.0,0.5067832469940186,0.8692166805267334,0.8692166805267334,295033.0,295033.0,0.0,0.9940290451049805,0.9710864424705505,0.3039691746234894,4206.0,4206.0,0.4404318928718567,0.9710864424705505,0.9710864424705505,141262.0,141262.0
34,0.0,0.938624918460846,0.8675933480262756,0.35997241735458374,44942.0,44942.0,0.5085138082504272,0.8675933480262756,0.8675933480262756,294482.0,294482.0,0.0,0.9927775859832764,0.9714645147323608,0.29417067766189575,4151.0,4151.0,0.44205549359321594,0.9714645147323608,0.9714645147323608,141317.0,141317.0
35,0.0,0.9385313987731934,0.8668980598449707,0.3602808117866516,45178.0,45178.0,0.5087511539459229,0.8668980598449707,0.8668980598449707,294246.0,294246.0,0.0,0.9913257360458374,0.9716363549232483,0.29016122221946716,4126.0,4126.0,0.4338383674621582,0.9716363549232483,0.9716363549232483,141342.0,141342.0
36,0.0,0.9396448135375977,0.8690428733825684,0.35781538486480713,44450.0,44450.0,0.5065739154815674,0.8690428733825684,0.8690428733825684,294974.0,294974.0,0.0,0.9928809404373169,0.9713888764381409,0.27925658226013184,4162.0,4162.0,0.42723143100738525,0.9713888764381409,0.9713888764381409,141306.0,141306.0
37,0.0,0.9392189979553223,0.8675903677940369,0.3582915663719177,44943.0,44943.0,0.5070327520370483,0.8675903677940369,0.8675903677940369,294481.0,294481.0,0.0,0.9942331314086914,0.971402645111084,0.27149274945259094,4160.0,4160.0,0.424676775932312,0.971402645111084,0.971402645111084,141308.0,141308.0
38,0.0,0.9389256834983826,0.867207407951355,0.3594881594181061,45073.0,45073.0,0.5082443952560425,0.867207407951355,0.867207407951355,294351.0,294351.0,0.0,0.9912735819816589,0.9726468920707703,0.30789613723754883,3979.0,3979.0,0.44427067041397095,0.9726468920707703,0.9726468920707703,141489.0,141489.0
39,0.0,0.9409939646720886,0.8704540729522705,0.3555271029472351,43971.0,43971.0,0.5008421540260315,0.8704540729522705,0.8704540729522705,295453.0,295453.0,0.0,0.9927441477775574,0.9720213413238525,0.2837817072868347,4070.0,4070.0,0.42717787623405457,0.9720213413238525,0.9720213413238525,141398.0,141398.0
40,0.0,0.9411481022834778,0.8707958459854126,0.35554635524749756,43855.0,43855.0,0.5003715753555298,0.8707958459854126,0.8707958459854126,295569.0,295569.0,0.0,0.9933277368545532,0.9716707468032837,0.2975028455257416,4121.0,4121.0,0.43488043546676636,0.9716707468032837,0.9716707468032837,141347.0,141347.0
41,0.0,0.9410037994384766,0.8709372282028198,0.35520848631858826,43807.0,43807.0,0.5001134276390076,0.8709372282028198,0.8709372282028198,295617.0,295617.0,0.0,0.9942889213562012,0.9715195298194885,0.28337758779525757,4143.0,4143.0,0.4280032515525818,0.9715195298194885,0.9715195298194885,141325.0,141325.0
42,0.0,0.9413046836853027,0.8717857599258423,0.35440531373023987,43519.0,43519.0,0.49940410256385803,0.8717857599258423,0.8717857599258423,295905.0,295905.0,0.0,0.9930300116539001,0.9719938635826111,0.30137136578559875,4074.0,4074.0,0.4352113604545593,0.9719938635826111,0.9719938635826111,141394.0,141394.0
43,0.0,0.9417452812194824,0.8721215724945068,0.3539489209651947,43405.0,43405.0,0.498726487159729,0.8721215724945068,0.8721215724945068,296019.0,296019.0,0.0,0.9945748448371887,0.9718082547187805,0.27360764145851135,4101.0,4101.0,0.42208003997802734,0.9718082547187805,0.9718082547187805,141367.0,141367.0
44,0.0,0.9412738084793091,0.871738612651825,0.35431551933288574,43535.0,43535.0,0.49935051798820496,0.871738612651825,0.871738612651825,295889.0,295889.0,0.0,0.9931725263595581,0.9714301228523254,0.2842654585838318,4156.0,4156.0,0.42546066641807556,0.9714301228523254,0.9714301228523254,141312.0,141312.0
45,0.0,0.9411889910697937,0.8711464405059814,0.35496464371681213,43736.0,43736.0,0.5000239014625549,0.8711464405059814,0.8711464405059814,295688.0,295688.0,0.0,0.9928621053695679,0.9720075726509094,0.29884442687034607,4072.0,4072.0,0.43233251571655273,0.9720075726509094,0.9720075726509094,141396.0,141396.0
46,0.0,0.9416981935501099,0.8722129464149475,0.35361936688423157,43374.0,43374.0,0.4987182915210724,0.8722129464149475,0.8722129464149475,296050.0,296050.0,0.0,0.9927964806556702,0.9718013405799866,0.2518090307712555,4102.0,4102.0,0.41431912779808044,0.9718013405799866,0.9718013405799866,141366.0,141366.0
47,0.0,0.9414096474647522,0.8714233636856079,0.3546585738658905,43642.0,43642.0,0.4994688630104065,0.8714233636856079,0.8714233636856079,295782.0,295782.0,0.0,0.99295973777771,0.9716776013374329,0.299800843000412,4120.0,4120.0,0.4354933202266693,0.9716776013374329,0.9716776013374329,141348.0,141348.0
48,0.0,0.9416004419326782,0.8719183206558228,0.35423970222473145,43474.0,43474.0,0.49954643845558167,0.8719183206558228,0.8719183206558228,295950.0,295950.0,0.0,0.9932231307029724,0.9714370369911194,0.2682431638240814,4155.0,4155.0,0.4251714050769806,0.9714370369911194,0.9714370369911194,141313.0,141313.0
49,0.0,0.9427207708358765,0.8739069700241089,0.3518528342247009,42799.0,42799.0,0.4955899119377136,0.8739069700241089,0.8739069700241089,296625.0,296625.0,0.0,0.9936516284942627,0.9716432690620422,0.26854684948921204,4125.0,4125.0,0.4181927740573883,0.9716432690620422,0.9716432690620422,141343.0,141343.0
50,0.0,0.9426422119140625,0.8728227615356445,0.35196417570114136,43167.0,43167.0,0.49554765224456787,0.8728227615356445,0.8728227615356445,296257.0,296257.0,0.0,0.9937785863876343,0.9717463850975037,0.29472097754478455,4110.0,4110.0,0.42911919951438904,0.9717463850975037,0.9717463850975037,141358.0,141358.0
51,0.0,0.9429778456687927,0.8733383417129517,0.3509467840194702,42992.0,42992.0,0.4946768283843994,0.8733383417129517,0.8733383417129517,296432.0,296432.0,0.0,0.9929556250572205,0.9718907475471497,0.28198397159576416,4089.0,4089.0,0.423539936542511,0.9718907475471497,0.9718907475471497,141379.0,141379.0
52,0.0,0.9431003332138062,0.8734238147735596,0.35066309571266174,42963.0,42963.0,0.4945991337299347,0.8734238147735596,0.8734238147735596,296461.0,296461.0,0.0,0.9909623861312866,0.9718563556671143,0.27438899874687195,4094.0,4094.0,0.42413976788520813,0.9718563556671143,0.9718563556671143,141374.0,141374.0
53,0.0,0.9429734945297241,0.8737861514091492,0.3513883054256439,42840.0,42840.0,0.4951629042625427,0.8737861514091492,0.8737861514091492,296584.0,296584.0,0.0,0.992702305316925,0.9717394709587097,0.28501901030540466,4111.0,4111.0,0.4272349774837494,0.9717394709587097,0.9717394709587097,141357.0,141357.0
54,0.0,0.9428024291992188,0.8731880784034729,0.3512672185897827,43043.0,43043.0,0.49504804611206055,0.8731880784034729,0.8731880784034729,296381.0,296381.0,0.0,0.9913613200187683,0.9718425869941711,0.2845267653465271,4096.0,4096.0,0.42589297890663147,0.9718425869941711,0.9718425869941711,141372.0,141372.0
55,0.0,0.9429075717926025,0.8731792569160461,0.35122010111808777,43046.0,43046.0,0.4950166642665863,0.8731792569160461,0.8731792569160461,296378.0,296378.0,0.0,0.9928747415542603,0.9717051386833191,0.28154993057250977,4116.0,4116.0,0.4239615797996521,0.9717051386833191,0.9717051386833191,141352.0,141352.0
56,0.0,0.943382978439331,0.8742693662643433,0.35047435760498047,42676.0,42676.0,0.4943845570087433,0.8742693662643433,0.8742693662643433,296748.0,296748.0,0.0,0.9910210967063904,0.9720900654792786,0.2903934419155121,4060.0,4060.0,0.4292435050010681,0.9720900654792786,0.9720900654792786,141408.0,141408.0
57,0.0,0.94374018907547,0.8745993375778198,0.34895843267440796,42564.0,42564.0,0.4933246374130249,0.8745993375778198,0.8745993375778198,296860.0,296860.0,0.0,0.9913941025733948,0.9722000956535339,0.2840067744255066,4044.0,4044.0,0.42550766468048096,0.9722000956535339,0.9722000956535339,141424.0,141424.0
58,0.0,0.943571925163269,0.8743665814399719,0.3499521017074585,42643.0,42643.0,0.49403953552246094,0.8743665814399719,0.8743665814399719,296781.0,296781.0,0.0,0.9934281706809998,0.971904456615448,0.27308380603790283,4087.0,4087.0,0.42064857482910156,0.971904456615448,0.971904456615448,141381.0,141381.0
59,0.0,0.9434906244277954,0.8743488788604736,0.3504822552204132,42649.0,42649.0,0.4935222864151001,0.8743488788604736,0.8743488788604736,296775.0,296775.0,0.0,0.9914612770080566,0.9718563556671143,0.28078213334083557,4094.0,4094.0,0.42333847284317017,0.9718563556671143,0.9718563556671143,141374.0,141374.0
60,0.0,0.9440017342567444,0.8747024536132812,0.34877127408981323,42529.0,42529.0,0.49246424436569214,0.8747024536132812,0.8747024536132812,296895.0,296895.0,0.0,0.9915249943733215,0.971904456615448,0.2649388015270233,4087.0,4087.0,0.41738560795783997,0.971904456615448,0.971904456615448,141381.0,141381.0
61,0.0,0.9436444640159607,0.8740660548210144,0.35018447041511536,42745.0,42745.0,0.49300989508628845,0.8740660548210144,0.8740660548210144,296679.0,296679.0,0.0,0.9944180846214294,0.9717326164245605,0.26111137866973877,4112.0,4112.0,0.4167156517505646,0.9717326164245605,0.9717326164245605,141356.0,141356.0
62,0.0,0.943134605884552,0.8736005425453186,0.3511630892753601,42903.0,42903.0,0.49384447932243347,0.8736005425453186,0.8736005425453186,296521.0,296521.0,0.0,0.9925703406333923,0.9717051386833191,0.2895542085170746,4116.0,4116.0,0.42941662669181824,0.9717051386833191,0.9717051386833191,141352.0,141352.0
63,0.0,0.9440639615058899,0.8749086856842041,0.3494549095630646,42459.0,42459.0,0.4929594397544861,0.8749086856842041,0.8749086856842041,296965.0,296965.0,0.0,0.9916049838066101,0.9721106886863708,0.28917786478996277,4057.0,4057.0,0.427135169506073,0.9721106886863708,0.9721106886863708,141411.0,141411.0
64,0.0,0.9433634877204895,0.8747437000274658,0.3503859341144562,42515.0,42515.0,0.49306637048721313,0.8747437000274658,0.8747437000274658,296909.0,296909.0,0.0,0.9915441870689392,0.971904456615448,0.27807316184043884,4087.0,4087.0,0.4218885600566864,0.971904456615448,0.971904456615448,141381.0,141381.0
65,0.0,0.9436019659042358,0.8741868734359741,0.3503313362598419,42704.0,42704.0,0.49337631464004517,0.8741868734359741,0.8741868734359741,296720.0,296720.0,0.0,0.9924826622009277,0.9717944860458374,0.26706624031066895,4103.0,4103.0,0.41736239194869995,0.9717944860458374,0.9717944860458374,141365.0,141365.0
66,0.0,0.9437462687492371,0.8740542531013489,0.3500283360481262,42749.0,42749.0,0.49305352568626404,0.8740542531013489,0.8740542531013489,296675.0,296675.0,0.0,0.9929630160331726,0.9716776013374329,0.28509795665740967,4120.0,4120.0,0.4254148304462433,0.9716776013374329,0.9716776013374329,141348.0,141348.0
67,0.0,0.9437394142150879,0.8746788501739502,0.349660724401474,42537.0,42537.0,0.49286070466041565,0.8746788501739502,0.8746788501739502,296887.0,296887.0,0.0,0.9911516308784485,0.9716569781303406,0.2783052623271942,4123.0,4123.0,0.4223913550376892,0.9716569781303406,0.9716569781303406,141345.0,141345.0
68,0.0,0.9435521364212036,0.8742693662643433,0.3501668870449066,42676.0,42676.0,0.4932049512863159,0.8742693662643433,0.8742693662643433,296748.0,296748.0,0.0,0.9927019476890564,0.9717944860458374,0.2665442228317261,4103.0,4103.0,0.4177509844303131,0.9717944860458374,0.9717944860458374,141365.0,141365.0
69,0.0,0.9442508220672607,0.8752622008323669,0.34859228134155273,42339.0,42339.0,0.49143531918525696,0.8752622008323669,0.8752622008323669,297085.0,297085.0,0.0,0.9928023815155029,0.9719457030296326,0.27875423431396484,4081.0,4081.0,0.42246541380882263,0.9719457030296326,0.9719457030296326,141387.0,141387.0
70,0.0,0.9439731240272522,0.8746994733810425,0.3492538034915924,42530.0,42530.0,0.4920986592769623,0.8746994733810425,0.8746994733810425,296894.0,296894.0,0.0,0.9927728176116943,0.9719938635826111,0.28618505597114563,4074.0,4074.0,0.42466720938682556,0.9719938635826111,0.9719938635826111,141394.0,141394.0
71,0.0,0.9438221454620361,0.8744755983352661,0.3498495817184448,42606.0,42606.0,0.49240538477897644,0.8744755983352661,0.8744755983352661,296818.0,296818.0,0.0,0.9928463101387024,0.9719732403755188,0.2739165723323822,4077.0,4077.0,0.41850289702415466,0.9719732403755188,0.9719732403755188,141391.0,141391.0
72,0.0,0.9441074728965759,0.8748438358306885,0.3490900993347168,42481.0,42481.0,0.4918212592601776,0.8748438358306885,0.8748438358306885,296943.0,296943.0,0.0,0.9915804266929626,0.9719457030296326,0.27669060230255127,4081.0,4081.0,0.4210505783557892,0.9719457030296326,0.9719457030296326,141387.0,141387.0
73,0.0,0.944267749786377,0.8754566311836243,0.34847769141197205,42273.0,42273.0,0.4914550483226776,0.8754566311836243,0.8754566311836243,297151.0,297151.0,0.0,0.9926425814628601,0.9718151092529297,0.2768113315105438,4100.0,4100.0,0.4199601709842682,0.9718151092529297,0.9718151092529297,141368.0,141368.0
74,0.0,0.9443548917770386,0.875288724899292,0.3484598994255066,42330.0,42330.0,0.4912750720977783,0.875288724899292,0.875288724899292,297094.0,297094.0,0.0,0.9910218715667725,0.9717807173728943,0.28582072257995605,4105.0,4105.0,0.42471423745155334,0.9717807173728943,0.9717807173728943,141363.0,141363.0
75,0.0,0.9443593621253967,0.8749764561653137,0.34863975644111633,42436.0,42436.0,0.4915078580379486,0.8749764561653137,0.8749764561653137,296988.0,296988.0,0.0,0.9916387796401978,0.9719938635826111,0.279901385307312,4074.0,4074.0,0.42307689785957336,0.9719938635826111,0.9719938635826111,141394.0,141394.0
76,0.0,0.9443838596343994,0.8757925033569336,0.3480907082557678,42159.0,42159.0,0.490891695022583,0.8757925033569336,0.8757925033569336,297265.0,297265.0,0.0,0.9929096698760986,0.9718425869941711,0.27705103158950806,4096.0,4096.0,0.42074471712112427,0.9718425869941711,0.9718425869941711,141372.0,141372.0
77,0.0,0.9443473815917969,0.8755921721458435,0.3484177887439728,42227.0,42227.0,0.4913772940635681,0.8755921721458435,0.8755921721458435,297197.0,297197.0,0.0,0.991539716720581,0.9717463850975037,0.27110961079597473,4110.0,4110.0,0.41795966029167175,0.9717463850975037,0.9717463850975037,141358.0,141358.0
78,0.0,0.9444272518157959,0.8750324249267578,0.3483094871044159,42417.0,42417.0,0.49131304025650024,0.8750324249267578,0.8750324249267578,297007.0,297007.0,0.0,0.9928115606307983,0.971980094909668,0.2779945135116577,4076.0,4076.0,0.4223654866218567,0.971980094909668,0.971980094909668,141392.0,141392.0
79,0.0,0.9446513056755066,0.8755214810371399,0.3479335308074951,42251.0,42251.0,0.4905497431755066,0.8755214810371399,0.8755214810371399,297173.0,297173.0,0.0,0.9927580952644348,0.9719182252883911,0.2732151448726654,4085.0,4085.0,0.4195244312286377,0.9719182252883911,0.9719182252883911,141383.0,141383.0
80,0.0,0.9439001679420471,0.8742604851722717,0.3500708043575287,42679.0,42679.0,0.49247056245803833,0.8742604851722717,0.8742604851722717,296745.0,296745.0,0.0,0.9916121363639832,0.971980094909668,0.27645382285118103,4076.0,4076.0,0.4207093119621277,0.971980094909668,0.971980094909668,141392.0,141392.0
81,0.0,0.9440045356750488,0.8750854134559631,0.34931838512420654,42399.0,42399.0,0.4916616678237915,0.8750854134559631,0.8750854134559631,297025.0,297025.0,0.0,0.9916689991950989,0.9717944860458374,0.28051286935806274,4103.0,4103.0,0.42233723402023315,0.9717944860458374,0.9717944860458374,141365.0,141365.0
82,0.0,0.9438122510910034,0.874596357345581,0.3499959111213684,42565.0,42565.0,0.49200499057769775,0.874596357345581,0.874596357345581,296859.0,296859.0,0.0,0.992832601070404,0.9717876315116882,0.27344435453414917,4104.0,4104.0,0.4199388325214386,0.9717876315116882,0.9717876315116882,141364.0,141364.0
83,0.0,0.9443504214286804,0.8754920363426208,0.34900540113449097,42261.0,42261.0,0.4916619658470154,0.8754920363426208,0.8754920363426208,297163.0,297163.0,0.0,0.9926692843437195,0.9718907475471497,0.28244468569755554,4089.0,4089.0,0.4229377508163452,0.9718907475471497,0.9718907475471497,141379.0,141379.0
84,0.0,0.9441180229187012,0.8746464848518372,0.3490524888038635,42548.0,42548.0,0.4915613532066345,0.8746464848518372,0.8746464848518372,296876.0,296876.0,0.0,0.9925675988197327,0.9718495011329651,0.26961252093315125,4095.0,4095.0,0.41786038875579834,0.9718495011329651,0.9718495011329651,141373.0,141373.0
85,0.0,0.9442786574363708,0.8752386569976807,0.34894925355911255,42347.0,42347.0,0.4914596676826477,0.8752386569976807,0.8752386569976807,297077.0,297077.0,0.0,0.9915158748626709,0.9719113707542419,0.2778540849685669,4086.0,4086.0,0.42060190439224243,0.9719113707542419,0.9719113707542419,141382.0,141382.0
86,0.0,0.9442254304885864,0.8755185008049011,0.3489765226840973,42252.0,42252.0,0.4915775656700134,0.8755185008049011,0.8755185008049011,297172.0,297172.0,0.0,0.9915962815284729,0.972048819065094,0.2871944010257721,4066.0,4066.0,0.42548075318336487,0.972048819065094,0.972048819065094,141402.0,141402.0
87,0.0,0.944423258304596,0.8747437000274658,0.3485901951789856,42515.0,42515.0,0.4912206828594208,0.8747437000274658,0.8747437000274658,296909.0,296909.0,0.0,0.9929186701774597,0.971904456615448,0.2861868739128113,4087.0,4087.0,0.4251183867454529,0.971904456615448,0.971904456615448,141381.0,141381.0
88,0.0,0.9445872902870178,0.875318169593811,0.347914457321167,42320.0,42320.0,0.49080348014831543,0.875318169593811,0.875318169593811,297104.0,297104.0,0.0,0.991364598274231,0.9719182252883911,0.2767018675804138,4085.0,4085.0,0.4213239848613739,0.9719182252883911,0.9719182252883911,141383.0,141383.0
89,0.0,0.944315493106842,0.8750412464141846,0.3484252989292145,42414.0,42414.0,0.49086785316467285,0.8750412464141846,0.8750412464141846,297010.0,297010.0,0.0,0.9927894473075867,0.9719113707542419,0.2811090648174286,4086.0,4086.0,0.4222663938999176,0.9719113707542419,0.9719113707542419,141382.0,141382.0
90,0.0,0.94466233253479,0.8762344717979431,0.34744730591773987,42009.0,42009.0,0.48999789357185364,0.8762344717979431,0.8762344717979431,297415.0,297415.0,0.0,0.9915558099746704,0.9718907475471497,0.27776068449020386,4089.0,4089.0,0.4216324985027313,0.9718907475471497,0.9718907475471497,141379.0,141379.0
91,0.0,0.9445117115974426,0.8752062320709229,0.34830188751220703,42358.0,42358.0,0.4907715916633606,0.8752062320709229,0.8752062320709229,297066.0,297066.0,0.0,0.9928545951843262,0.9718701243400574,0.2795928418636322,4092.0,4092.0,0.421956866979599,0.9718701243400574,0.9718701243400574,141376.0,141376.0
92,0.0,0.9441561698913574,0.875117838382721,0.3488534688949585,42388.0,42388.0,0.491115927696228,0.875117838382721,0.875117838382721,297036.0,297036.0,0.0,0.9913610219955444,0.9719319939613342,0.28290343284606934,4083.0,4083.0,0.4234771430492401,0.9719319939613342,0.9719319939613342,141385.0,141385.0
93,0.0,0.943793535232544,0.8752239346504211,0.35004979372024536,42352.0,42352.0,0.49197718501091003,0.8752239346504211,0.8752239346504211,297072.0,297072.0,0.0,0.9927787184715271,0.9718563556671143,0.2799432873725891,4094.0,4094.0,0.422023743391037,0.9718563556671143,0.9718563556671143,141374.0,141374.0
94,0.0,0.9441346526145935,0.8750147223472595,0.3489137291908264,42423.0,42423.0,0.4911729097366333,0.8750147223472595,0.8750147223472595,297001.0,297001.0,0.0,0.9926872253417969,0.9719182252883911,0.2744191884994507,4085.0,4085.0,0.4199376702308655,0.9719182252883911,0.9719182252883911,141383.0,141383.0
95,0.0,0.9445333480834961,0.8758867979049683,0.3477201759815216,42127.0,42127.0,0.49022290110588074,0.8758867979049683,0.8758867979049683,297297.0,297297.0,0.0,0.9914435744285583,0.9719319939613342,0.28172567486763,4083.0,4083.0,0.42225515842437744,0.9719319939613342,0.9719319939613342,141385.0,141385.0
96,0.0,0.9441537857055664,0.8747024536132812,0.34888216853141785,42529.0,42529.0,0.4911368191242218,0.8747024536132812,0.8747024536132812,296895.0,296895.0,0.0,0.9918553233146667,0.9719113707542419,0.2852114140987396,4086.0,4086.0,0.42411497235298157,0.9719113707542419,0.9719113707542419,141382.0,141382.0
97,0.0,0.9444330334663391,0.8748998045921326,0.3486182987689972,42462.0,42462.0,0.4909987151622772,0.8748998045921326,0.8748998045921326,296962.0,296962.0,0.0,0.9916109442710876,0.971904456615448,0.27903735637664795,4087.0,4087.0,0.4208798408508301,0.971904456615448,0.971904456615448,141381.0,141381.0
98,0.0,0.944696307182312,0.8757542371749878,0.34740790724754333,42172.0,42172.0,0.49020087718963623,0.8757542371749878,0.8757542371749878,297252.0,297252.0,0.0,0.9915995597839355,0.9718632102012634,0.2805234491825104,4093.0,4093.0,0.4217756688594818,0.9718632102012634,0.9718632102012634,141375.0,141375.0
99,0.0,0.9443169236183167,0.8752415776252747,0.34872132539749146,42346.0,42346.0,0.4910949468612671,0.8752415776252747,0.8752415776252747,297078.0,297078.0,0.0,0.991310715675354,0.971904456615448,0.28057703375816345,4087.0,4087.0,0.4223625659942627,0.971904456615448,0.971904456615448,141381.0,141381.0
