epoch,acc,auc,binary_accuracy,binary_crossentropy,fn,fp,loss,precision,recall,tn,tp,val_acc,val_auc,val_binary_accuracy,val_binary_crossentropy,val_fn,val_fp,val_loss,val_precision,val_recall,val_tn,val_tp
0,0.009776857681572437,0.9767398238182068,0.9236132502555847,0.1973152458667755,25892.0,25963.0,0.3548346161842346,0.9235246181488037,0.9237178564071655,313461.0,313532.0,0.0,0.9941872954368591,0.9686529040336609,0.09839528799057007,4560.0,4560.0,0.33543309569358826,0.9686529040336609,0.9686529040336609,140908.0,140908.0
1,0.013394750654697418,0.9803691506385803,0.9325209856033325,0.180403470993042,22904.0,22904.0,0.31828615069389343,0.9325209856033325,0.9325209856033325,316520.0,316520.0,0.0,0.9950790405273438,0.968948483467102,0.08599431067705154,4517.0,4517.0,0.219919353723526,0.968948483467102,0.968948483467102,140951.0,140951.0
2,0.013341720215976238,0.9815441966056824,0.9350045919418335,0.1739623099565506,22061.0,22061.0,0.3045242428779602,0.9350045919418335,0.9350045919418335,317363.0,317363.0,0.0,0.9959518313407898,0.9720281958580017,0.07662755250930786,4069.0,4069.0,0.17501571774482727,0.9720281958580017,0.9720281958580017,141399.0,141399.0
3,0.014358147978782654,0.9818329811096191,0.935912013053894,0.17281264066696167,21753.0,21753.0,0.3026048243045807,0.935912013053894,0.935912013053894,317671.0,317671.0,0.0,0.9959020614624023,0.9718769788742065,0.08781157433986664,4091.0,4091.0,0.19214695692062378,0.9718769788742065,0.9718769788742065,141377.0,141377.0
4,0.013194411993026733,0.982099175453186,0.9369578957557678,0.1714717149734497,21398.0,21398.0,0.29822465777397156,0.9369578957557678,0.9369578957557678,318026.0,318026.0,0.0,0.994597852230072,0.972626268863678,0.0957874208688736,3982.0,3982.0,0.2079913318157196,0.972626268863678,0.972626268863678,141486.0,141486.0
5,0.013296054676175117,0.9830151200294495,0.9378387928009033,0.16637061536312103,21099.0,21099.0,0.2881339192390442,0.9378387928009033,0.9378387928009033,318325.0,318325.0,0.0,0.9958545565605164,0.9709283113479614,0.07921665906906128,4229.0,4229.0,0.21003694832324982,0.9709283113479614,0.9709283113479614,141239.0,141239.0
6,0.01302795298397541,0.9828901886940002,0.9384133219718933,0.16708147525787354,20904.0,20904.0,0.2875334620475769,0.9384133219718933,0.9384133219718933,318520.0,318520.0,0.0,0.9959340691566467,0.9717876315116882,0.08303656429052353,4104.0,4104.0,0.1810113936662674,0.9717876315116882,0.9717876315116882,141364.0,141364.0
7,0.014150443486869335,0.9832168817520142,0.9386018514633179,0.16575199365615845,20840.0,20840.0,0.28552404046058655,0.9386018514633179,0.9386018514633179,318584.0,318584.0,0.0,0.9955270886421204,0.9718769788742065,0.0807352066040039,4091.0,4091.0,0.20373781025409698,0.9718769788742065,0.9718769788742065,141377.0,141377.0
8,0.013321097008883953,0.9832762479782104,0.9390732645988464,0.16519805788993835,20680.0,20680.0,0.28627803921699524,0.9390732645988464,0.9390732645988464,318744.0,318744.0,0.0,0.995356559753418,0.9715744853019714,0.0891110748052597,4135.0,4135.0,0.21635577082633972,0.9715744853019714,0.9715744853019714,141333.0,141333.0
9,0.014660130254924297,0.9838694930076599,0.9393266439437866,0.1623157560825348,20594.0,20594.0,0.28101885318756104,0.9393266439437866,0.9393266439437866,318830.0,318830.0,0.0,0.9947399497032166,0.9734649658203125,0.09387224912643433,3860.0,3860.0,0.201981320977211,0.9734649658203125,0.9734649658203125,141608.0,141608.0
10,0.01665615849196911,0.9835612773895264,0.9390379190444946,0.16385714709758759,20692.0,20692.0,0.2867688536643982,0.9390379190444946,0.9390379190444946,318732.0,318732.0,0.0,0.9959647059440613,0.9712376594543457,0.08013881742954254,4184.0,4184.0,0.20875504612922668,0.9712376594543457,0.9712376594543457,141284.0,141284.0
11,0.013755656778812408,0.9839576482772827,0.9402369856834412,0.1615835726261139,20285.0,20285.0,0.27534812688827515,0.9402369856834412,0.9402369856834412,319139.0,319139.0,0.0,0.9947993755340576,0.949741542339325,0.08990775793790817,7311.0,7311.0,0.18091334402561188,0.949741542339325,0.949741542339325,138157.0,138157.0
12,0.01730431616306305,0.9836225509643555,0.9393442869186401,0.16329365968704224,20588.0,20588.0,0.2844834327697754,0.9393442869186401,0.9393442869186401,318836.0,318836.0,0.0,0.9959643483161926,0.9713201522827148,0.08118417114019394,4172.0,4172.0,0.18655253946781158,0.9713201522827148,0.9713201522827148,141296.0,141296.0
13,0.014789761044085026,0.9839873313903809,0.9405640363693237,0.16156625747680664,20174.0,20174.0,0.2779049575328827,0.9405640363693237,0.9405640363693237,319250.0,319250.0,0.0,0.9966972470283508,0.9730044007301331,0.0713786706328392,3927.0,3927.0,0.16522809863090515,0.9730044007301331,0.9730044007301331,141541.0,141541.0
14,0.017758024856448174,0.984114944934845,0.9404873847961426,0.16118034720420837,20200.0,20200.0,0.27834582328796387,0.9404873847961426,0.9404873847961426,319224.0,319224.0,0.0,0.9966526627540588,0.9766958951950073,0.06961023062467575,3390.0,3390.0,0.19319042563438416,0.9766958951950073,0.9766958951950073,142078.0,142078.0
15,0.015514519065618515,0.9842546582221985,0.9401810169219971,0.16012217104434967,20304.0,20304.0,0.27700722217559814,0.9401810169219971,0.9401810169219971,319120.0,319120.0,0.0,0.9948907494544983,0.9514257311820984,0.08526984602212906,7066.0,7066.0,0.2171267569065094,0.9514257311820984,0.9514257311820984,138402.0,138402.0
16,0.01546148769557476,0.984573483467102,0.9415539503097534,0.1592881977558136,19838.0,19838.0,0.27404358983039856,0.9415539503097534,0.9415539503097534,319586.0,319586.0,0.0,0.9962090849876404,0.9723994135856628,0.0759572759270668,4015.0,4015.0,0.18110831081867218,0.9723994135856628,0.9723994135856628,141453.0,141453.0
17,0.014160755090415478,0.9842419624328613,0.9408586025238037,0.15988978743553162,20074.0,20074.0,0.27236029505729675,0.9408586025238037,0.9408586025238037,319350.0,319350.0,0.0,0.9969801902770996,0.9729768633842468,0.08988779038190842,3931.0,3931.0,0.16648626327514648,0.9729768633842468,0.9729768633842468,141537.0,141537.0
18,0.01604335568845272,0.9844434261322021,0.9408056139945984,0.15886949002742767,20092.0,20092.0,0.271414190530777,0.9408056139945984,0.9408056139945984,319332.0,319332.0,0.0,0.9961695075035095,0.9730937480926514,0.07495259493589401,3914.0,3914.0,0.22302252054214478,0.9730937480926514,0.9730937480926514,141554.0,141554.0
19,0.012787840329110622,0.984917938709259,0.9425556063652039,0.15571102499961853,19498.0,19498.0,0.26392874121665955,0.9425556063652039,0.9425556063652039,319926.0,319926.0,0.0,0.9965612888336182,0.9754928946495056,0.07042010873556137,3565.0,3565.0,0.19934387505054474,0.9754928946495056,0.9754928946495056,141903.0,141903.0
20,0.01567508466541767,0.9848204851150513,0.9423434734344482,0.1566818207502365,19570.0,19570.0,0.2684214413166046,0.9423434734344482,0.9423434734344482,319854.0,319854.0,0.0,0.9968303442001343,0.9749085903167725,0.07499286532402039,3650.0,3650.0,0.15284346044063568,0.9749085903167725,0.9749085903167725,141818.0,141818.0
21,0.017376497387886047,0.9842708706855774,0.9419398903846741,0.16026173532009125,19707.0,19707.0,0.27495524287223816,0.9419398903846741,0.9419398903846741,319717.0,319717.0,0.0,0.9964288473129272,0.975382924079895,0.07174930721521378,3581.0,3581.0,0.20801351964473724,0.975382924079895,0.975382924079895,141887.0,141887.0
22,0.015355425886809826,0.9850764274597168,0.9432892203330994,0.15544217824935913,19249.0,19249.0,0.2671593725681305,0.9432892203330994,0.9432892203330994,320175.0,320175.0,0.0,0.9958212375640869,0.9554128646850586,0.07807110249996185,6486.0,6486.0,0.2421710193157196,0.9554128646850586,0.9554128646850586,138982.0,138982.0
23,0.014106250368058681,0.9850071668624878,0.9427323937416077,0.15571919083595276,19438.0,19438.0,0.26317378878593445,0.9427323937416077,0.9427323937416077,319986.0,319986.0,0.0,0.9910537004470825,0.945341944694519,0.11814329028129578,7951.0,7951.0,0.19451500475406647,0.945341944694519,0.945341944694519,137517.0,137517.0
24,0.01687122881412506,0.9842789173126221,0.9406376481056213,0.1597089320421219,20149.0,20149.0,0.2744375765323639,0.9406376481056213,0.9406376481056213,319275.0,319275.0,0.0,0.9951030611991882,0.9547392129898071,0.087112195789814,6584.0,6584.0,0.20238876342773438,0.9547392129898071,0.9547392129898071,138884.0,138884.0
25,0.014394975267350674,0.9855648279190063,0.9435072541236877,0.15256163477897644,19175.0,19175.0,0.26027441024780273,0.9435072541236877,0.9435072541236877,320249.0,320249.0,0.0,0.9898908734321594,0.9518862962722778,0.11187870055437088,6999.0,6999.0,0.2132759690284729,0.9518862962722778,0.9518862962722778,138469.0,138469.0
26,0.016529472544789314,0.985307514667511,0.9427913427352905,0.15407371520996094,19418.0,19418.0,0.2635651230812073,0.9427913427352905,0.9427913427352905,320006.0,320006.0,0.0,0.9968531727790833,0.9756028652191162,0.07178199291229248,3549.0,3549.0,0.17050044238567352,0.9756028652191162,0.9756028652191162,141919.0,141919.0
27,0.015602903440594673,0.9848511219024658,0.9424701929092407,0.1568317860364914,19527.0,19527.0,0.2740563750267029,0.9424701929092407,0.9424701929092407,319897.0,319897.0,0.0,0.997345507144928,0.975094199180603,0.06761302798986435,3623.0,3623.0,0.1618880033493042,0.975094199180603,0.975094199180603,141845.0,141845.0
28,0.015069647692143917,0.985110342502594,0.9425762295722961,0.15503329038619995,19491.0,19491.0,0.2639297544956207,0.9425762295722961,0.9425762295722961,319933.0,319933.0,0.0,0.9970173239707947,0.9746404886245728,0.074093759059906,3689.0,3689.0,0.17626233398914337,0.9746404886245728,0.9746404886245728,141779.0,141779.0
29,0.015514519065618515,0.9851040244102478,0.9426558017730713,0.15500587224960327,19464.0,19464.0,0.2669963836669922,0.9426558017730713,0.9426558017730713,319960.0,319960.0,0.0,0.9963189363479614,0.9752110242843628,0.07036642730236053,3606.0,3606.0,0.1985120326280594,0.9752110242843628,0.9752110242843628,141862.0,141862.0
30,0.015143301337957382,0.9854047298431396,0.9433245658874512,0.15351025760173798,19237.0,19237.0,0.2599901556968689,0.9433245658874512,0.9433245658874512,320187.0,320187.0,0.0,0.9962182641029358,0.9581351280212402,0.06956256181001663,6090.0,6090.0,0.1827268898487091,0.9581351280212402,0.9581351280212402,139378.0,139378.0
31,0.016489699482917786,0.9857199788093567,0.9443734288215637,0.1522657871246338,18881.0,18881.0,0.26022928953170776,0.9443734288215637,0.9443734288215637,320543.0,320543.0,0.0,0.9971169233322144,0.9774795770645142,0.06408922374248505,3276.0,3276.0,0.18696089088916779,0.9774795770645142,0.9774795770645142,142192.0,142192.0
32,0.014561433345079422,0.9855480790138245,0.9436221122741699,0.1526702642440796,19136.0,19136.0,0.26019689440727234,0.9436221122741699,0.9436221122741699,320288.0,320288.0,0.0,0.996092677116394,0.9578120112419128,0.07452073693275452,6137.0,6137.0,0.2049434632062912,0.9578120112419128,0.9578120112419128,139331.0,139331.0
33,0.015345114283263683,0.9852752089500427,0.9429651498794556,0.15406933426856995,19359.0,19359.0,0.2634294033050537,0.9429651498794556,0.9429651498794556,320065.0,320065.0,0.0,0.9968019127845764,0.9750735759735107,0.0717754140496254,3626.0,3626.0,0.18188327550888062,0.9750735759735107,0.9750735759735107,141842.0,141842.0
34,0.015026927925646305,0.9858183860778809,0.9432892203330994,0.1511031538248062,19249.0,19249.0,0.25871482491493225,0.9432892203330994,0.9432892203330994,320175.0,320175.0,0.0,0.9952635169029236,0.9756853580474854,0.07915361225605011,3537.0,3537.0,0.1793557107448578,0.9756853580474854,0.9756853580474854,141931.0,141931.0
35,0.01425650529563427,0.9857653975486755,0.9444146752357483,0.15128110349178314,18867.0,18867.0,0.2568292021751404,0.9444146752357483,0.9444146752357483,320557.0,320557.0,0.0,0.9954687356948853,0.958616316318512,0.08628304302692413,6020.0,6020.0,0.2192339450120926,0.958616316318512,0.958616316318512,139448.0,139448.0
36,0.015233159996569157,0.985605001449585,0.9439786076545715,0.1520211398601532,19015.0,19015.0,0.25932735204696655,0.9439786076545715,0.9439786076545715,320409.0,320409.0,0.0,0.9957094192504883,0.9773902297019958,0.08387842774391174,3289.0,3289.0,0.22263318300247192,0.9773902297019958,0.9773902297019958,142179.0,142179.0
37,0.01714816875755787,0.9858120083808899,0.9434129595756531,0.15125201642513275,19207.0,19207.0,0.25622475147247314,0.9434129595756531,0.9434129595756531,320217.0,320217.0,0.0,0.9959935545921326,0.9753966331481934,0.07760386914014816,3579.0,3579.0,0.21312494575977325,0.9753966331481934,0.9753966331481934,141889.0,141889.0
38,0.015533668920397758,0.9858469367027283,0.9447210431098938,0.1513662189245224,18763.0,18763.0,0.2607894837856293,0.9447210431098938,0.9447210431098938,320661.0,320661.0,0.0,0.997298002243042,0.9766477942466736,0.06484963744878769,3397.0,3397.0,0.15285161137580872,0.9766477942466736,0.9766477942466736,142071.0,142071.0
39,0.013456620275974274,0.9862232208251953,0.9451688528060913,0.1485014110803604,18611.0,18611.0,0.25114622712135315,0.9451688528060913,0.9451688528060913,320813.0,320813.0,0.0,0.9958672523498535,0.9581213593482971,0.08250978589057922,6092.0,6092.0,0.1907704919576645,0.9581213593482971,0.9581213593482971,139376.0,139376.0
40,0.01578998565673828,0.9857764840126038,0.944282054901123,0.15114867687225342,18912.0,18912.0,0.25868287682533264,0.944282054901123,0.944282054901123,320512.0,320512.0,0.0,0.9970217943191528,0.9770327210426331,0.06794536858797073,3341.0,3341.0,0.17908461391925812,0.9770327210426331,0.9770327210426331,142127.0,142127.0
41,0.017217403277754784,0.985563337802887,0.9441229701042175,0.15276984870433807,18966.0,18966.0,0.2623361349105835,0.9441229701042175,0.9441229701042175,320458.0,320458.0,0.0,0.9954614043235779,0.9521337747573853,0.0993649810552597,6963.0,6963.0,0.2009172886610031,0.9521337747573853,0.9521337747573853,138505.0,138505.0
42,0.013072146102786064,0.9860449433326721,0.944998025894165,0.1499817967414856,18669.0,18669.0,0.2561555802822113,0.944998025894165,0.944998025894165,320755.0,320755.0,0.0,0.9964463114738464,0.9758572578430176,0.07342293113470078,3512.0,3512.0,0.1982610821723938,0.9758572578430176,0.9758572578430176,141956.0,141956.0
43,0.016513269394636154,0.9859634041786194,0.944426417350769,0.15033569931983948,18863.0,18863.0,0.2560347616672516,0.944426417350769,0.944426417350769,320561.0,320561.0,0.0,0.9973466992378235,0.9772664904594421,0.06813403964042664,3307.0,3307.0,0.15688391029834747,0.9772664904594421,0.9772664904594421,142161.0,142161.0
44,0.01618919149041176,0.9854651689529419,0.943937361240387,0.15323910117149353,19029.0,19029.0,0.26027974486351013,0.943937361240387,0.943937361240387,320395.0,320395.0,0.0,0.9970621466636658,0.9749704599380493,0.07307585328817368,3641.0,3641.0,0.16617019474506378,0.9749704599380493,0.9749704599380493,141827.0,141827.0
45,0.016930151730775833,0.985694169998169,0.9439108371734619,0.1518431156873703,19038.0,19038.0,0.2593355178833008,0.9439108371734619,0.9439108371734619,320386.0,320386.0,0.0,0.9972637295722961,0.9751697778701782,0.06893713772296906,3612.0,3612.0,0.1572912484407425,0.9751697778701782,0.9751697778701782,141856.0,141856.0
46,0.015057862736284733,0.9859043955802917,0.9447505474090576,0.15071962773799896,18753.0,18753.0,0.2580602169036865,0.9447505474090576,0.9447505474090576,320671.0,320671.0,0.0,0.9970676898956299,0.9733206033706665,0.06448742002248764,3881.0,3881.0,0.17820429801940918,0.9733206033706665,0.9733206033706665,141587.0,141587.0
47,0.01814102753996849,0.9857757091522217,0.9436663389205933,0.15148358047008514,19121.0,19121.0,0.26089850068092346,0.9436663389205933,0.9436663389205933,320303.0,320303.0,0.0,0.9968699216842651,0.9750117063522339,0.06591948866844177,3635.0,3635.0,0.16127167642116547,0.9750117063522339,0.9750117063522339,141833.0,141833.0
48,0.014972424134612083,0.98636394739151,0.9452219009399414,0.14817288517951965,18593.0,18593.0,0.2521914541721344,0.9452219009399414,0.9452219009399414,320831.0,320831.0,0.0,0.9972273707389832,0.9779883027076721,0.06463701277971268,3202.0,3202.0,0.1536446064710617,0.9779883027076721,0.9779883027076721,142266.0,142266.0
49,0.01484279241412878,0.9859973192214966,0.9447888135910034,0.14987213909626007,18740.0,18740.0,0.25701814889907837,0.9447888135910034,0.9447888135910034,320684.0,320684.0,0.0,0.9971065521240234,0.975884735584259,0.06514989584684372,3508.0,3508.0,0.18136069178581238,0.975884735584259,0.975884735584259,141960.0,141960.0
50,0.014795653522014618,0.9859070777893066,0.944279134273529,0.1505013108253479,18913.0,18913.0,0.25863131880760193,0.944279134273529,0.944279134273529,320511.0,320511.0,0.0,0.9965409636497498,0.9751835465431213,0.07176598161458969,3610.0,3610.0,0.1758083701133728,0.9751835465431213,0.9751835465431213,141858.0,141858.0
51,0.016572192311286926,0.9858716130256653,0.9451600313186646,0.1511749029159546,18614.0,18614.0,0.2581704258918762,0.9451600313186646,0.9451600313186646,320810.0,320810.0,0.0,0.9973507523536682,0.9740561246871948,0.07075171917676926,3774.0,3774.0,0.1567501574754715,0.9740561246871948,0.9740561246871948,141694.0,141694.0
52,0.016016840934753418,0.98640376329422,0.9458346962928772,0.14793270826339722,18385.0,18385.0,0.25433483719825745,0.9458346962928772,0.9458346962928772,321039.0,321039.0,0.0,0.9971953630447388,0.9738705158233643,0.0643133744597435,3801.0,3801.0,0.15359076857566833,0.9738705158233643,0.9738705158233643,141667.0,141667.0
53,0.018946804106235504,0.9857543110847473,0.9453073740005493,0.15139713883399963,18564.0,18564.0,0.2627362012863159,0.9453073740005493,0.9453073740005493,320860.0,320860.0,0.0,0.9969203472137451,0.977397084236145,0.06823087483644485,3288.0,3288.0,0.16692045331001282,0.977397084236145,0.977397084236145,142180.0,142180.0
54,0.01697729155421257,0.9864921569824219,0.946270763874054,0.14752964675426483,18237.0,18237.0,0.2541985809803009,0.946270763874054,0.946270763874054,321187.0,321187.0,0.0,0.997002899646759,0.9748329520225525,0.06617434322834015,3661.0,3661.0,0.15271839499473572,0.9748329520225525,0.9748329520225525,141807.0,141807.0
55,0.016332080587744713,0.986184298992157,0.9457021355628967,0.14893051981925964,18430.0,18430.0,0.2594717741012573,0.9457021355628967,0.9457021355628967,320994.0,320994.0,0.0,0.996707022190094,0.977472722530365,0.07475055009126663,3277.0,3277.0,0.17403848469257355,0.977472722530365,0.977472722530365,142191.0,142191.0
56,0.015784092247486115,0.9858190417289734,0.9453191161155701,0.15110178291797638,18560.0,18560.0,0.25907284021377563,0.9453191161155701,0.9453191161155701,320864.0,320864.0,0.0,0.9972790479660034,0.9739186763763428,0.06612001359462738,3794.0,3794.0,0.16918393969535828,0.9739186763763428,0.9739186763763428,141674.0,141674.0
57,0.017254231497645378,0.986108124256134,0.9454959034919739,0.14983955025672913,18500.0,18500.0,0.26032039523124695,0.9454959034919739,0.9454959034919739,320924.0,320924.0,0.0,0.9964576959609985,0.9566571116447449,0.07268551737070084,6305.0,6305.0,0.1804201900959015,0.9566571116447449,0.9566571116447449,139163.0,139163.0
58,0.01596822775900364,0.9865508079528809,0.9459672570228577,0.14694982767105103,18340.0,18340.0,0.2530007064342499,0.9459672570228577,0.9459672570228577,321084.0,321084.0,0.0,0.9972856640815735,0.9756785035133362,0.0682980865240097,3538.0,3538.0,0.15711131691932678,0.9756785035133362,0.9756785035133362,141930.0,141930.0
59,0.014284493401646614,0.9863840937614441,0.9463208317756653,0.14753471314907074,18220.0,18220.0,0.2523842453956604,0.9463208317756653,0.9463208317756653,321204.0,321204.0,0.0,0.9968307018280029,0.9731418490409851,0.07140982896089554,3907.0,3907.0,0.22170522809028625,0.9731418490409851,0.9731418490409851,141561.0,141561.0
