epoch,acc,auc,binary_accuracy,binary_crossentropy,fn,fp,loss,precision,recall,tn,tp,val_acc,val_auc,val_binary_accuracy,val_binary_crossentropy,val_fn,val_fp,val_loss,val_precision,val_recall,val_tn,val_tp
0,0.0,0.6362888216972351,0.6349447965621948,0.6568745374679565,123954.0,123863.0,0.740795373916626,0.6349809765815735,0.634810745716095,215561.0,215470.0,0.0,0.6339401006698608,0.6339401006698608,0.6568266153335571,53250.0,53250.0,0.6593530178070068,0.6339401006698608,0.6339401006698608,92218.0,92218.0
1,0.0,0.6362272500991821,0.6358978748321533,0.6557542085647583,123585.0,123585.0,0.6582713723182678,0.6358978748321533,0.6358978748321533,215839.0,215839.0,0.0,0.6339401006698608,0.6339401006698608,0.656828761100769,53250.0,53250.0,0.6593368649482727,0.6339401006698608,0.6339401006698608,92218.0,92218.0
2,0.0,0.6356135010719299,0.6358978748321533,0.6557556986808777,123585.0,123585.0,0.6582559943199158,0.6358978748321533,0.6358978748321533,215839.0,215839.0,0.0,0.6339401006698608,0.6339401006698608,0.6568295955657959,53250.0,53250.0,0.6593223810195923,0.6339401006698608,0.6339401006698608,92218.0,92218.0
3,0.0,0.6352746486663818,0.6358978748321533,0.655757486820221,123585.0,123585.0,0.658244788646698,0.6358978748321533,0.6358978748321533,215839.0,215839.0,0.0,0.6339401006698608,0.6339401006698608,0.6568641066551208,53250.0,53250.0,0.6593465209007263,0.6339401006698608,0.6339401006698608,92218.0,92218.0
4,0.0,0.6357754468917847,0.6358978748321533,0.6557498574256897,123585.0,123585.0,0.6582279205322266,0.6358978748321533,0.6358978748321533,215839.0,215839.0,0.0,0.6339401006698608,0.6339401006698608,0.6568407416343689,53250.0,53250.0,0.659315824508667,0.6339401006698608,0.6339401006698608,92218.0,92218.0
5,0.0,0.6358978748321533,0.6358978748321533,0.655742347240448,123585.0,123585.0,0.658214807510376,0.6358978748321533,0.6358978748321533,215839.0,215839.0,0.0,0.6339401006698608,0.6339401006698608,0.6568604111671448,53250.0,53250.0,0.6593308448791504,0.6339401006698608,0.6339401006698608,92218.0,92218.0
6,0.0,0.6358978748321533,0.6358978748321533,0.6557479500770569,123585.0,123585.0,0.6582174897193909,0.6358978748321533,0.6358978748321533,215839.0,215839.0,0.0,0.6339401006698608,0.6339401006698608,0.6568378806114197,53250.0,53250.0,0.6593058109283447,0.6339401006698608,0.6339401006698608,92218.0,92218.0
7,0.0,0.6358978748321533,0.6358978748321533,0.6557433605194092,123585.0,123585.0,0.6582102179527283,0.6358978748321533,0.6358978748321533,215839.0,215839.0,0.0,0.6339401006698608,0.6339401006698608,0.6568332314491272,53250.0,53250.0,0.6592996120452881,0.6339401006698608,0.6339401006698608,92218.0,92218.0
8,0.0,0.6358978748321533,0.6358978748321533,0.6557422280311584,123585.0,123585.0,0.658208966255188,0.6358978748321533,0.6358978748321533,215839.0,215839.0,0.0,0.6339401006698608,0.6339401006698608,0.6568329334259033,53250.0,53250.0,0.6592994332313538,0.6339401006698608,0.6339401006698608,92218.0,92218.0
9,0.0,0.6358978748321533,0.6358978748321533,0.6557421684265137,123585.0,123585.0,0.6582079529762268,0.6358978748321533,0.6358978748321533,215839.0,215839.0,0.0,0.6339401006698608,0.6339401006698608,0.6568336486816406,53250.0,53250.0,0.6592996716499329,0.6339401006698608,0.6339401006698608,92218.0,92218.0
10,0.0,0.6358978748321533,0.6358978748321533,0.6557419896125793,123585.0,123585.0,0.6582076549530029,0.6358978748321533,0.6358978748321533,215839.0,215839.0,0.0,0.6339401006698608,0.6339401006698608,0.656833827495575,53250.0,53250.0,0.6592997908592224,0.6339401006698608,0.6339401006698608,92218.0,92218.0
11,0.0,0.6358978748321533,0.6358978748321533,0.6557422876358032,123585.0,123585.0,0.6582076549530029,0.6358978748321533,0.6358978748321533,215839.0,215839.0,0.0,0.6339401006698608,0.6339401006698608,0.6568336486816406,53250.0,53250.0,0.6592996120452881,0.6339401006698608,0.6339401006698608,92218.0,92218.0
12,0.0,0.6358978748321533,0.6358978748321533,0.6557419896125793,123585.0,123585.0,0.6582075357437134,0.6358978748321533,0.6358978748321533,215839.0,215839.0,0.0,0.6339401006698608,0.6339401006698608,0.6568336486816406,53250.0,53250.0,0.6592996120452881,0.6339401006698608,0.6339401006698608,92218.0,92218.0
13,0.0,0.6358978748321533,0.6358978748321533,0.6557419896125793,123585.0,123585.0,0.6582080721855164,0.6358978748321533,0.6358978748321533,215839.0,215839.0,0.0,0.6339401006698608,0.6339401006698608,0.6568336486816406,53250.0,53250.0,0.6592997312545776,0.6339401006698608,0.6339401006698608,92218.0,92218.0
14,0.0,0.6358978748321533,0.6358978748321533,0.6557418704032898,123585.0,123585.0,0.6582081913948059,0.6358978748321533,0.6358978748321533,215839.0,215839.0,0.0,0.6339401006698608,0.6339401006698608,0.6568336486816406,53250.0,53250.0,0.6592996716499329,0.6339401006698608,0.6339401006698608,92218.0,92218.0
15,0.0,0.6358978748321533,0.6358978748321533,0.655742347240448,123585.0,123585.0,0.658207893371582,0.6358978748321533,0.6358978748321533,215839.0,215839.0,0.0,0.6339401006698608,0.6339401006698608,0.6568336486816406,53250.0,53250.0,0.6592996716499329,0.6339401006698608,0.6339401006698608,92218.0,92218.0
16,0.0,0.6358978748321533,0.6358978748321533,0.6557416915893555,123585.0,123585.0,0.6582076549530029,0.6358978748321533,0.6358978748321533,215839.0,215839.0,0.0,0.6339401006698608,0.6339401006698608,0.6568336486816406,53250.0,53250.0,0.6592996716499329,0.6339401006698608,0.6339401006698608,92218.0,92218.0
17,0.0,0.6358978748321533,0.6358978748321533,0.6557421088218689,123585.0,123585.0,0.6582080125808716,0.6358978748321533,0.6358978748321533,215839.0,215839.0,0.0,0.6339401006698608,0.6339401006698608,0.6568336486816406,53250.0,53250.0,0.6592996716499329,0.6339401006698608,0.6339401006698608,92218.0,92218.0
18,0.0,0.6358978748321533,0.6358978748321533,0.6557419300079346,123585.0,123585.0,0.658207893371582,0.6358978748321533,0.6358978748321533,215839.0,215839.0,0.0,0.6339401006698608,0.6339401006698608,0.6568336486816406,53250.0,53250.0,0.6592996716499329,0.6339401006698608,0.6339401006698608,92218.0,92218.0
19,0.0,0.6358978748321533,0.6358978748321533,0.6557419896125793,123585.0,123585.0,0.6582082509994507,0.6358978748321533,0.6358978748321533,215839.0,215839.0,0.0,0.6339401006698608,0.6339401006698608,0.6568336486816406,53250.0,53250.0,0.6592996716499329,0.6339401006698608,0.6339401006698608,92218.0,92218.0
20,0.0,0.6358978748321533,0.6358978748321533,0.6557415723800659,123585.0,123585.0,0.6582077741622925,0.6358978748321533,0.6358978748321533,215839.0,215839.0,0.0,0.6339401006698608,0.6339401006698608,0.6568336486816406,53250.0,53250.0,0.6592996716499329,0.6339401006698608,0.6339401006698608,92218.0,92218.0
21,0.0,0.6358978748321533,0.6358978748321533,0.655741810798645,123585.0,123585.0,0.6582080125808716,0.6358978748321533,0.6358978748321533,215839.0,215839.0,0.0,0.6339401006698608,0.6339401006698608,0.6568336486816406,53250.0,53250.0,0.6592996716499329,0.6339401006698608,0.6339401006698608,92218.0,92218.0
22,0.0,0.6358978748321533,0.6358978748321533,0.6557416915893555,123585.0,123585.0,0.6582076549530029,0.6358978748321533,0.6358978748321533,215839.0,215839.0,0.0,0.6339401006698608,0.6339401006698608,0.6568336486816406,53250.0,53250.0,0.6592996716499329,0.6339401006698608,0.6339401006698608,92218.0,92218.0
23,0.0,0.6358978748321533,0.6358978748321533,0.6557418704032898,123585.0,123585.0,0.6582077145576477,0.6358978748321533,0.6358978748321533,215839.0,215839.0,0.0,0.6339401006698608,0.6339401006698608,0.6568336486816406,53250.0,53250.0,0.6592996716499329,0.6339401006698608,0.6339401006698608,92218.0,92218.0
24,0.0,0.6358978748321533,0.6358978748321533,0.6557418704032898,123585.0,123585.0,0.6582077741622925,0.6358978748321533,0.6358978748321533,215839.0,215839.0,0.0,0.6339401006698608,0.6339401006698608,0.6568336486816406,53250.0,53250.0,0.6592996716499329,0.6339401006698608,0.6339401006698608,92218.0,92218.0
25,0.0,0.6358978748321533,0.6358978748321533,0.6557417511940002,123585.0,123585.0,0.6582079529762268,0.6358978748321533,0.6358978748321533,215839.0,215839.0,0.0,0.6339401006698608,0.6339401006698608,0.6568336486816406,53250.0,53250.0,0.6592996716499329,0.6339401006698608,0.6339401006698608,92218.0,92218.0
26,0.0,0.6358978748321533,0.6358978748321533,0.6557419896125793,123585.0,123585.0,0.6582077145576477,0.6358978748321533,0.6358978748321533,215839.0,215839.0,0.0,0.6339401006698608,0.6339401006698608,0.6568336486816406,53250.0,53250.0,0.6592996716499329,0.6339401006698608,0.6339401006698608,92218.0,92218.0
27,0.0,0.6358978748321533,0.6358978748321533,0.6557419896125793,123585.0,123585.0,0.6582074761390686,0.6358978748321533,0.6358978748321533,215839.0,215839.0,0.0,0.6339401006698608,0.6339401006698608,0.6568336486816406,53250.0,53250.0,0.6592996716499329,0.6339401006698608,0.6339401006698608,92218.0,92218.0
28,0.0,0.6358978748321533,0.6358978748321533,0.6557419896125793,123585.0,123585.0,0.6582082509994507,0.6358978748321533,0.6358978748321533,215839.0,215839.0,0.0,0.6339401006698608,0.6339401006698608,0.6568336486816406,53250.0,53250.0,0.6592996716499329,0.6339401006698608,0.6339401006698608,92218.0,92218.0
29,0.0,0.6358978748321533,0.6358978748321533,0.6557422280311584,123585.0,123585.0,0.6582080125808716,0.6358978748321533,0.6358978748321533,215839.0,215839.0,0.0,0.6339401006698608,0.6339401006698608,0.6568336486816406,53250.0,53250.0,0.6592996716499329,0.6339401006698608,0.6339401006698608,92218.0,92218.0
30,0.0,0.6358978748321533,0.6358978748321533,0.6557420492172241,123585.0,123585.0,0.658207893371582,0.6358978748321533,0.6358978748321533,215839.0,215839.0,0.0,0.6339401006698608,0.6339401006698608,0.6568336486816406,53250.0,53250.0,0.6592996716499329,0.6339401006698608,0.6339401006698608,92218.0,92218.0
31,0.0,0.6358978748321533,0.6358978748321533,0.6557419300079346,123585.0,123585.0,0.6582074165344238,0.6358978748321533,0.6358978748321533,215839.0,215839.0,0.0,0.6339401006698608,0.6339401006698608,0.6568336486816406,53250.0,53250.0,0.6592996716499329,0.6339401006698608,0.6339401006698608,92218.0,92218.0
32,0.0,0.6358978748321533,0.6358978748321533,0.6557418704032898,123585.0,123585.0,0.6582075953483582,0.6358978748321533,0.6358978748321533,215839.0,215839.0,0.0,0.6339401006698608,0.6339401006698608,0.6568336486816406,53250.0,53250.0,0.6592996716499329,0.6339401006698608,0.6339401006698608,92218.0,92218.0
33,0.0,0.6358978748321533,0.6358978748321533,0.655741810798645,123585.0,123585.0,0.6582080125808716,0.6358978748321533,0.6358978748321533,215839.0,215839.0,0.0,0.6339401006698608,0.6339401006698608,0.6568336486816406,53250.0,53250.0,0.6592996716499329,0.6339401006698608,0.6339401006698608,92218.0,92218.0
34,0.0,0.6358978748321533,0.6358978748321533,0.6557416915893555,123585.0,123585.0,0.6582074761390686,0.6358978748321533,0.6358978748321533,215839.0,215839.0,0.0,0.6339401006698608,0.6339401006698608,0.6568336486816406,53250.0,53250.0,0.6592996716499329,0.6339401006698608,0.6339401006698608,92218.0,92218.0
35,0.0,0.6358978748321533,0.6358978748321533,0.6557421088218689,123585.0,123585.0,0.6582080125808716,0.6358978748321533,0.6358978748321533,215839.0,215839.0,0.0,0.6339401006698608,0.6339401006698608,0.6568336486816406,53250.0,53250.0,0.6592996716499329,0.6339401006698608,0.6339401006698608,92218.0,92218.0
36,0.0,0.6358978748321533,0.6358978748321533,0.6557421088218689,123585.0,123585.0,0.6582080125808716,0.6358978748321533,0.6358978748321533,215839.0,215839.0,0.0,0.6339401006698608,0.6339401006698608,0.6568336486816406,53250.0,53250.0,0.6592996716499329,0.6339401006698608,0.6339401006698608,92218.0,92218.0
37,0.0,0.6358978748321533,0.6358978748321533,0.6557419896125793,123585.0,123585.0,0.6582077145576477,0.6358978748321533,0.6358978748321533,215839.0,215839.0,0.0,0.6339401006698608,0.6339401006698608,0.6568336486816406,53250.0,53250.0,0.6592996716499329,0.6339401006698608,0.6339401006698608,92218.0,92218.0
38,0.0,0.6358978748321533,0.6358978748321533,0.6557419896125793,123585.0,123585.0,0.6582075953483582,0.6358978748321533,0.6358978748321533,215839.0,215839.0,0.0,0.6339401006698608,0.6339401006698608,0.6568336486816406,53250.0,53250.0,0.6592996716499329,0.6339401006698608,0.6339401006698608,92218.0,92218.0
39,0.0,0.6358978748321533,0.6358978748321533,0.6557419300079346,123585.0,123585.0,0.6582074761390686,0.6358978748321533,0.6358978748321533,215839.0,215839.0,0.0,0.6339401006698608,0.6339401006698608,0.6568336486816406,53250.0,53250.0,0.6592996716499329,0.6339401006698608,0.6339401006698608,92218.0,92218.0
